Name: Job 18 Sprache 2 anstatt Sprache 1, Job 30 schließt 7 nicht aus, Job 1 erlaubt Pfl. 2
Comment: 1354094010 1354094010
Type: s 
Nurses:9
Workers: 9
Clients: 45
Jobs: 45
Dkws: 0 
Related: 0 
Synchron: 0 

nurses qualification: nr, exclude, qual, language (4), usual shift length, extra 
1 22 3 0 0 1 1 420 1
2 28 3 1 0 0 0 420 1
3 6 3 1 0 1 1 240 1
4 41 2 1 1 0 1 180 1
5 34 2 0 1 0 0 360 1
6 42 2 0 1 1 1 360 1
7 16 1 1 0 1 0 480 1
8 32 1 0 0 1 1 180 1
9 23 1 1 1 0 0 480 1

workers: nr, anurse(7) + bnurse(7), abreak, bbreak, pause, ident, start (unbez.home/depot/bez.home (0,1,2))
1 0 1000 0 1000 0 1000 0 1000 0 1000 0 1000 0 1000 240 360 30 1 1 -1
2 0 1000 0 1000 0 1000 0 1000 0 1000 0 1000 0 1000 240 360 30 2 0 -1
3 0 1000 0 1000 0 1000 0 1000 0 1000 0 1000 0 1000 240 360 30 3 2 -1
4 0 1000 0 1000 0 1000 0 1000 0 1000 0 1000 0 1000 240 360 30 4 1 -1
5 0 1000 0 1000 0 1000 0 1000 0 1000 0 1000 0 1000 240 360 30 5 1 -1
6 0 1000 0 1000 0 1000 0 1000 0 1000 0 1000 0 1000 240 360 30 6 1 -1
7 0 1000 0 1000 0 1000 0 1000 0 1000 0 1000 0 1000 240 360 30 7 1 -1
8 0 1000 0 1000 0 1000 0 1000 0 1000 0 1000 0 1000 240 360 30 8 1 -1
9 0 1000 0 1000 0 1000 0 1000 0 1000 0 1000 0 1000 240 360 30 9 1 -1

jobs: nr, include, exclude, qual, language(4), pref,  duration, a, b, asoft, bsoft, ident, freq, Mo, Di, Mi, Do, Fr, Sa, So, ltl, utl
1 0 0 3 1 0 0 0 0 30 120 240 125 185 1 6 1 0 1 1 1 1 1 1 2
2 0 0 3 0 1 0 1 1 31 0 120 10 70 2 3 0 1 1 1 0 0 0 1 4
3 0 4 2 1 1 1 1 2 24 600 720 650 710 3 1 0 0 1 0 0 0 0 6 6
4 0 3 2 1 0 1 1 1 24 480 600 515 575 4 5 1 1 1 1 0 0 1 1 2
5 0 1 3 1 1 1 0 2 32 360 480 370 430 5 1 0 0 0 0 1 0 0 6 6
6 0 3 2 1 0 1 0 2 54 0 120 35 95 6 1 0 0 0 1 0 0 0 6 6
7 0 7 1 0 1 0 1 4 62 360 480 400 460 7 7 1 1 1 1 1 1 1 1 1
8 0 3 1 0 0 0 1 4 27 120 240 155 215 8 2 0 0 1 0 1 0 0 2 5
9 0 7 1 1 0 1 1 8 26 480 600 530 590 9 3 1 0 0 1 0 0 1 1 4
10 0 5 2 1 0 0 1 3 27 0 120 60 120 10 7 1 1 1 1 1 1 1 1 1
11 0 0 3 0 0 0 1 0 24 0 120 0 60 11 1 0 1 0 0 0 0 0 6 6
12 0 2 3 0 1 1 0 3 16 0 120 30 90 12 2 0 1 0 1 0 0 0 2 5
13 0 2 3 1 1 1 1 3 16 480 600 535 595 13 6 1 0 1 1 1 1 1 1 2
14 0 3 1 0 0 0 1 4 45 240 360 295 355 14 3 0 0 1 1 1 0 0 1 4
15 0 8 1 0 1 1 0 7 44 360 480 385 445 15 6 1 1 1 0 1 1 1 1 2
16 0 8 1 1 0 0 0 9 34 0 120 15 75 16 2 0 0 0 1 1 0 0 2 5
17 0 5 1 0 0 1 0 7 70 0 120 5 65 17 4 0 0 1 1 1 1 0 1 3
18 0 1 2 0 1 0 0 3 32 0 120 55 115 18 7 1 1 1 1 1 1 1 1 1
19 0 3 1 1 1 1 0 5 61 120 240 165 225 19 4 0 1 0 1 0 1 1 1 3
20 0 2 2 1 1 1 1 5 46 0 120 25 85 20 3 0 1 0 1 0 0 1 1 4
21 0 1 3 1 1 1 1 0 36 240 360 290 350 21 6 1 1 1 1 1 0 1 1 2
22 0 0 3 1 1 0 1 1 24 0 120 20 80 22 2 1 1 0 0 0 0 0 2 5
23 0 2 3 0 1 0 1 1 48 480 600 515 575 23 3 0 1 1 1 0 0 0 1 4
24 0 1 2 1 1 1 0 0 45 480 600 530 590 24 6 1 1 1 1 1 0 1 1 2
25 0 7 1 1 1 0 1 9 54 360 480 375 435 25 3 1 1 0 1 0 0 0 1 4
26 0 4 1 1 1 0 0 6 67 480 600 500 560 26 4 0 1 1 0 0 1 1 1 3
27 0 1 3 1 0 0 1 2 34 0 120 45 105 27 3 0 1 0 0 1 0 1 1 4
28 0 6 1 0 0 1 0 8 49 240 360 280 340 28 6 1 1 1 0 1 1 1 1 2
29 0 2 2 0 0 0 1 1 62 480 600 530 590 29 4 1 1 1 1 0 0 0 1 3
30 0 0 1 0 0 1 1 8 33 360 480 360 420 30 7 1 1 1 1 1 1 1 1 1
31 0 1 2 1 1 1 1 2 16 0 120 35 95 31 5 1 0 1 1 0 1 1 1 2
32 0 2 2 1 1 1 1 6 40 120 240 170 230 32 5 1 1 1 1 1 0 0 1 2
33 0 5 1 0 0 1 1 6 47 0 120 50 110 33 1 0 0 0 0 0 0 1 6 6
34 0 5 2 1 1 1 0 1 41 480 600 485 545 34 6 0 1 1 1 1 1 1 1 2
35 0 4 1 0 1 1 1 8 65 600 720 600 660 35 4 0 1 1 1 0 1 0 1 3
36 0 4 1 1 1 1 0 5 62 0 120 10 70 36 6 1 1 1 1 0 1 1 1 2
37 0 0 3 1 0 1 0 1 28 480 600 520 580 37 4 0 0 1 0 1 1 1 1 3
38 0 0 2 1 0 1 0 2 30 600 720 605 665 38 5 0 1 1 1 1 0 1 1 2
39 0 1 3 1 1 1 1 2 52 0 120 5 65 39 1 1 0 0 0 0 0 0 6 6
40 0 2 3 1 0 1 1 1 43 0 120 10 70 40 1 0 1 0 0 0 0 0 6 6
41 0 2 2 0 1 1 0 6 42 0 120 60 120 41 6 1 1 1 0 1 1 1 1 2
42 0 0 3 1 1 1 0 0 25 480 600 495 555 42 3 1 0 0 1 0 0 1 1 4
43 0 2 3 1 1 1 1 1 28 120 240 120 180 43 2 1 0 0 1 0 0 0 2 5
44 0 2 2 0 0 1 1 1 28 240 360 290 350 44 4 1 1 0 0 1 1 0 1 3
45 0 2 2 0 0 1 0 1 44 0 120 15 75 45 1 0 0 0 0 0 1 0 6 6

dist
0 40 43 16 33 50 41 4 38 39 14 15 33 42 50 45 48 32 33 47 28 21 39 20 45 23 21 43 44 8 30 21 11 38 47 35 45 32 35 18 42 14 35 34 5 25 31 14 40 19 34 12 40 31 28 
40 0 32 24 20 10 2 36 31 4 26 43 7 17 16 32 9 33 11 28 31 25 2 30 24 18 33 25 5 32 29 32 44 2 13 30 8 9 8 26 17 32 8 32 36 19 17 27 25 23 27 40 12 30 36 
43 32 0 30 47 34 34 41 4 28 37 34 27 48 24 3 32 57 39 8 15 23 34 48 9 27 50 8 29 39 12 50 38 30 23 56 40 27 36 42 16 28 36 9 38 40 18 31 7 27 53 33 43 12 57 
16 24 30 0 23 34 25 13 27 23 7 21 17 29 34 32 32 29 20 33 18 7 24 18 30 6 20 28 27 10 19 20 20 21 30 29 29 15 20 12 26 10 20 24 12 14 15 2 26 3 27 17 26 20 27 
33 20 47 23 0 28 19 29 44 23 19 43 19 9 36 47 28 13 8 45 39 29 17 14 41 21 16 41 25 25 39 15 41 19 33 10 18 20 12 14 34 33 12 43 30 9 29 25 40 25 7 39 10 40 17 
50 10 34 34 28 0 10 46 34 10 36 52 17 23 11 33 2 42 21 28 37 33 12 40 25 27 43 26 7 42 35 42 53 12 11 38 11 18 18 36 18 41 18 36 46 29 24 36 27 32 35 49 19 36 45 
41 2 34 25 19 10 0 37 33 6 27 45 9 15 17 33 9 32 11 30 33 26 2 30 26 19 33 26 7 33 31 32 45 4 14 29 6 10 8 26 18 34 8 34 37 19 19 28 27 24 26 41 11 32 35 
4 36 41 13 29 46 37 0 37 36 10 17 29 37 47 43 44 29 29 45 26 18 35 17 42 19 18 40 40 4 29 18 14 34 43 31 40 28 30 14 39 13 30 33 3 21 28 11 38 16 30 13 36 29 25 
38 31 4 27 44 34 33 37 0 27 34 30 25 46 25 7 32 54 37 11 11 19 33 44 11 24 47 9 28 35 8 46 34 29 23 53 39 25 34 38 15 24 34 5 34 36 15 27 6 23 50 29 41 8 53 
39 4 28 23 23 10 6 36 27 0 26 41 6 21 13 27 8 36 14 24 28 22 6 31 20 17 34 20 4 32 26 33 42 3 10 33 12 7 10 27 13 30 10 28 35 20 14 25 21 21 30 38 16 27 38 
14 26 37 7 19 36 27 10 34 26 0 24 20 27 39 39 35 22 19 39 25 14 25 11 36 11 13 35 30 6 26 13 22 24 35 24 30 19 20 6 31 15 20 31 11 10 21 7 33 10 22 20 25 27 20 
15 43 34 21 43 52 45 17 30 41 24 0 36 50 49 37 50 46 41 40 19 19 44 34 39 25 35 37 45 20 22 35 5 41 45 48 50 34 40 30 38 11 40 25 14 34 28 18 33 20 46 4 47 22 42 
33 7 27 17 19 17 9 29 25 6 20 36 0 20 19 28 15 32 11 25 24 17 8 25 22 10 29 21 10 25 23 28 36 5 15 29 14 1 8 21 14 24 8 26 29 15 11 19 21 15 26 32 16 24 33 
42 17 48 29 9 23 15 37 46 21 27 50 20 0 33 48 23 21 10 45 44 34 14 23 41 26 25 41 22 33 43 25 49 17 30 16 11 21 12 23 34 39 12 46 39 16 31 32 41 30 14 46 4 44 25 
50 16 24 34 36 11 17 47 25 13 39 49 19 33 0 22 10 50 28 17 31 31 19 45 14 28 48 16 10 44 29 47 51 17 4 46 22 20 24 40 10 39 24 29 46 34 20 36 18 31 43 46 29 29 52 
45 32 3 32 47 33 33 43 7 27 39 37 28 48 22 0 31 58 39 5 18 25 34 49 8 29 52 7 28 42 15 51 41 30 22 57 39 27 36 44 15 30 36 12 40 41 19 33 7 29 54 36 44 15 58 
48 9 32 32 28 2 9 44 32 8 35 50 15 23 10 31 0 42 20 26 35 31 11 39 23 25 42 24 5 41 33 41 51 11 9 38 12 16 17 35 16 39 17 34 44 28 22 34 25 30 35 47 19 34 44 
32 33 57 29 13 42 32 29 54 36 22 46 32 21 50 58 42 0 21 57 47 36 31 12 53 30 11 53 39 26 48 11 43 32 46 5 31 32 25 16 47 38 25 52 32 17 39 30 51 32 7 42 23 49 5 
33 11 39 20 8 21 11 29 37 14 19 41 11 10 28 39 20 21 0 37 34 24 9 19 33 16 22 33 17 25 33 21 40 10 24 18 11 12 3 16 26 30 3 36 30 8 21 22 32 20 15 37 6 34 24 
47 28 8 33 45 28 30 45 11 24 39 40 25 45 17 5 26 57 37 0 21 26 30 49 3 28 52 4 23 43 18 51 44 27 17 55 35 25 33 43 11 33 33 16 42 39 18 34 7 29 52 39 40 18 57 
28 31 15 18 39 37 33 26 11 28 25 19 24 44 31 18 35 47 34 21 0 11 32 36 20 18 39 18 30 26 3 38 23 29 29 47 39 23 32 31 21 13 32 6 23 31 13 18 14 15 45 18 40 3 46 
21 25 23 7 29 33 26 18 19 22 14 19 17 34 31 25 31 36 24 26 11 0 25 25 24 8 28 22 26 16 12 27 20 22 27 36 31 15 23 20 21 8 23 16 16 20 10 8 19 4 34 15 30 12 35 
39 2 34 24 17 12 2 35 33 6 25 44 8 14 19 34 11 31 9 30 32 25 0 28 27 18 31 27 8 31 31 30 44 4 16 27 6 9 6 24 19 32 6 34 35 17 19 26 27 23 24 40 10 32 33 
20 30 48 18 14 40 30 17 44 31 11 34 25 23 45 49 39 12 19 49 36 25 28 0 45 20 3 44 35 14 37 2 31 28 41 14 30 25 22 5 39 26 22 42 20 11 30 18 42 21 13 30 23 38 9 
45 24 9 30 41 25 26 42 11 20 36 39 22 41 14 8 23 53 33 3 20 24 27 45 0 25 48 2 20 40 17 48 42 23 14 51 32 21 30 40 7 31 30 15 40 36 15 31 5 26 48 37 37 17 54 
23 18 27 6 21 27 19 19 24 17 11 25 10 26 28 29 25 30 16 28 18 8 18 20 25 0 23 24 21 16 18 22 26 15 24 29 24 9 15 15 20 14 15 22 18 13 10 8 22 5 26 22 22 19 29 
21 33 50 20 16 43 33 18 47 34 13 35 29 25 48 52 42 11 22 52 39 28 31 3 48 23 0 47 38 15 40 1 32 31 44 14 33 28 25 8 42 28 25 44 21 14 33 21 45 24 14 31 26 41 7 
43 25 8 28 41 26 26 40 9 20 35 37 21 41 16 7 24 53 33 4 18 22 27 44 2 24 47 0 21 38 14 46 40 23 15 51 32 21 30 39 8 29 30 13 38 35 13 30 3 25 48 35 37 15 53 
44 5 29 27 25 7 7 40 28 4 30 45 10 22 10 28 5 39 17 23 30 26 8 35 20 21 38 21 0 36 28 37 46 7 7 35 12 11 13 31 13 34 13 30 39 24 17 29 22 25 33 42 18 29 41 
8 32 39 10 25 42 33 4 35 32 6 20 25 33 44 42 41 26 25 43 26 16 31 14 40 16 15 38 36 0 28 15 17 30 40 28 36 24 26 10 36 13 26 32 6 17 25 8 36 13 26 16 31 28 22 
30 29 12 19 39 35 31 29 8 26 26 22 23 43 29 15 33 48 33 18 3 12 31 37 17 18 40 14 28 28 0 39 26 27 26 47 37 22 31 32 18 15 31 4 26 31 12 19 11 16 45 21 39 1 47 
21 32 50 20 15 42 32 18 46 33 13 35 28 25 47 51 41 11 21 51 38 27 30 2 48 22 1 46 37 15 39 0 32 30 43 14 32 27 24 7 42 27 24 44 21 13 33 20 45 23 13 31 25 40 7 
11 44 38 20 41 53 45 14 34 42 22 5 36 49 51 41 51 43 40 44 23 20 44 31 42 26 32 40 46 17 26 32 0 41 47 45 50 35 40 27 41 12 40 29 11 33 30 17 37 21 43 5 47 26 39 
38 2 30 21 19 12 4 34 29 3 24 41 5 17 17 30 11 32 10 27 29 22 4 28 23 15 31 23 7 30 27 30 41 0 13 29 10 6 7 24 16 29 7 30 33 17 15 24 23 20 26 37 13 28 34 
47 13 23 30 33 11 14 43 23 10 35 45 15 30 4 22 9 46 24 17 29 27 16 41 14 24 44 15 7 40 26 43 47 13 0 43 19 16 21 36 8 35 21 26 42 30 17 32 17 27 40 42 26 27 48 
35 30 56 29 10 38 29 31 53 33 24 48 29 16 46 57 38 5 18 55 47 36 27 14 51 29 14 51 35 28 47 14 45 29 43 0 26 29 22 18 44 39 22 51 34 16 38 31 50 32 2 44 18 48 10 
45 8 40 29 18 11 6 40 39 12 30 50 14 11 22 39 12 31 11 35 39 31 6 30 32 24 33 32 12 36 37 32 50 10 19 26 0 16 10 28 24 38 10 40 41 20 25 32 33 29 24 46 8 38 35 
32 9 27 15 20 18 10 28 25 7 19 34 1 21 20 27 16 32 12 25 23 15 9 25 21 9 28 21 11 24 22 27 35 6 16 29 16 0 9 20 15 23 9 25 27 14 10 18 20 14 26 31 17 23 33 
35 8 36 20 12 18 8 30 34 10 20 40 8 12 24 36 17 25 3 33 32 23 6 22 30 15 25 30 13 26 31 24 40 7 21 22 10 9 0 18 22 29 0 34 31 11 19 22 29 20 19 36 8 32 27 
18 26 42 12 14 36 26 14 38 27 6 30 21 23 40 44 35 16 16 43 31 20 24 5 40 15 8 39 31 10 32 7 27 24 36 18 28 20 18 0 34 21 18 36 16 7 25 13 37 15 16 26 22 33 15 
42 17 16 26 34 18 18 39 15 13 31 38 14 34 10 15 16 47 26 11 21 21 19 39 7 20 42 8 13 36 18 42 41 16 8 44 24 15 22 34 0 29 22 18 37 29 11 28 9 23 41 36 29 19 48 
14 32 28 10 33 41 34 13 24 30 15 11 24 39 39 30 39 38 30 33 13 8 32 26 31 14 28 29 34 13 15 27 12 29 35 39 38 23 29 21 29 0 29 19 10 24 18 8 26 9 37 7 36 16 35 
35 8 36 20 12 18 8 30 34 10 20 40 8 12 24 36 17 25 3 33 32 23 6 22 30 15 25 30 13 26 31 24 40 7 21 22 10 9 0 18 22 29 0 34 31 11 19 22 29 20 19 36 8 32 27 
34 32 9 24 43 36 34 33 5 28 31 25 26 46 29 12 34 52 36 16 6 16 34 42 15 22 44 13 30 32 4 44 29 30 26 51 40 25 34 36 18 19 34 0 29 35 15 24 10 20 49 24 42 3 51 
5 36 38 12 30 46 37 3 34 35 11 14 29 39 46 40 44 32 30 42 23 16 35 20 40 18 21 38 39 6 26 21 11 33 42 34 41 27 31 16 37 10 31 29 0 22 26 9 35 14 32 10 37 26 28 
25 19 40 14 9 29 19 21 36 20 10 34 15 16 34 41 28 17 8 39 31 20 17 11 36 13 14 35 24 17 31 13 33 17 30 16 20 14 11 7 29 24 11 35 22 0 22 16 33 16 13 30 14 32 18 
31 17 18 15 29 24 19 28 15 14 21 28 11 31 20 19 22 39 21 18 13 10 19 30 15 10 33 13 17 25 12 33 30 15 17 38 25 10 19 25 11 18 19 15 26 22 0 17 12 12 35 25 27 13 39 
14 27 31 2 25 36 28 11 27 25 7 18 19 32 36 33 34 30 22 34 18 8 26 18 31 8 21 30 29 8 19 20 17 24 32 31 32 18 22 13 28 8 22 24 9 16 17 0 27 5 29 14 29 20 28 
40 25 7 26 40 27 27 38 6 21 33 33 21 41 18 7 25 51 32 7 14 19 27 42 5 22 45 3 22 36 11 45 37 23 17 50 33 20 29 37 9 26 29 10 35 33 12 27 0 22 47 32 37 12 51 
19 23 27 3 25 32 24 16 23 21 10 20 15 30 31 29 30 32 20 29 15 4 23 21 26 5 24 25 25 13 16 23 21 20 27 32 29 14 20 15 23 9 20 20 14 16 12 5 22 0 29 17 27 17 30 
34 27 53 27 7 35 26 30 50 30 22 46 26 14 43 54 35 7 15 52 45 34 24 13 48 26 14 48 33 26 45 13 43 26 40 2 24 26 19 16 41 37 19 49 32 13 35 29 47 29 0 42 16 46 11 
12 40 33 17 39 49 41 13 29 38 20 4 32 46 46 36 47 42 37 39 18 15 40 30 37 22 31 35 42 16 21 31 5 37 42 44 46 31 36 26 36 7 36 24 10 30 25 14 32 17 42 0 43 21 38 
40 12 43 26 10 19 11 36 41 16 25 47 16 4 29 44 19 23 6 40 40 30 10 23 37 22 26 37 18 31 39 25 47 13 26 18 8 17 8 22 29 36 8 42 37 14 27 29 37 27 16 43 0 40 27 
31 30 12 20 40 36 32 29 8 27 27 22 24 44 29 15 34 49 34 18 3 12 32 38 17 19 41 15 29 28 1 40 26 28 27 48 38 23 32 33 19 16 32 3 26 32 13 20 12 17 46 21 40 0 48 
28 36 57 27 17 45 35 25 53 38 20 42 33 25 52 58 44 5 24 57 46 35 33 9 54 29 7 53 41 22 47 7 39 34 48 10 35 33 27 15 48 35 27 51 28 18 39 28 51 30 11 38 27 48 0 
