Name:  Klient 25 und 26 können Sprache 1, 15 kann Sprache 1, Sprache 2 nicht, Pf. 4 kann auch Sprache 1, Pf.2 kann auch Sprache 3
Comment: 1337511961 1337511961, Pf. 5 kann S.1 und S.3 nicht, Pfg. 1 kann S.1 nicht, Job 30 Tag 2 anstatt Tag 4
Type: s 
Nurses:7
Workers: 7
Clients: 35
Jobs: 35
Dkws: 0
Related: 0
Synchron: 0

nurses qualification: nr, exclude, qual, language (4), usual shift length, extra 
1 18 3 0 1 1 1 240 1
2 23 3 1 0 1 0 420 1
3 33 3 0 1 0 1 240 1
4 0 2 1 0 1 0 360 1
5 35 2 0 1 0 1 480 1
6 22 1 1 0 1 0 240 1
7 5 1 0 1 0 1 480 1

workers: nr, anurse(7) + bnurse(7), abreak, bbreak, pause, ident, start (unbez.home/depot/bez.home (0,1,2))
1 0 800 0 800 0 800 0 800 0 800 0 800 0 800 240 360 30 1 1 -1
2 0 800 0 800 0 800 0 800 0 800 0 800 0 800 240 360 30 2 2 -1
3 0 800 0 800 0 800 0 800 0 800 0 800 0 800 240 360 30 3 2 -1
4 0 800 0 800 0 800 0 800 0 800 0 800 0 800 240 360 30 4 1 -1
5 0 800 0 800 0 800 0 800 0 800 0 800 0 800 240 360 30 5 2 -1
6 0 800 0 800 0 800 0 800 0 800 0 800 0 800 240 360 30 6 2 -1
7 0 800 0 800 0 800 0 800 0 800 0 800 0 800 240 360 30 7 1 -1

jobs: nr, include, exclude, qual, language(4), pref,  duration, a, b, asoft, bsoft, ident, freq, Mo, Di, Mi, Do, Fr, Sa, So, ltl, utl
1 0 5 1 0 1 0 0 7 51 120 240 140 200 1 3 1 0 1 1 0 0 0 1 4
2 0 0 2 0 0 1 1 4 50 0 120 50 110 2 1 0 0 1 0 0 0 0 6 6
3 0 5 1 1 1 1 1 7 38 120 240 155 215 3 5 1 1 0 1 1 1 0 1 2
4 0 3 1 0 0 1 1 6 72 600 720 620 680 4 1 0 1 0 0 0 0 0 6 6
5 0 5 1 1 0 0 1 7 65 0 120 40 100 5 3 0 0 1 0 0 1 1 1 4
6 0 5 1 0 1 1 1 0 21 480 600 510 570 6 6 1 1 1 1 1 0 1 1 2
7 0 0 2 1 1 0 1 3 49 480 600 490 550 7 1 1 0 0 0 0 0 0 6 6
8 0 3 1 0 1 1 1 4 38 600 720 625 685 8 1 0 0 0 1 0 0 0 6 6
9 0 3 2 1 1 1 0 2 36 0 120 25 85 9 6 1 1 1 0 1 1 1 1 2
10 0 0 2 1 0 1 1 5 26 600 720 600 660 10 5 1 1 1 1 0 1 0 1 2
11 0 0 2 1 1 1 0 2 42 600 720 615 675 11 4 1 1 1 1 0 0 0 1 3
12 0 5 1 0 1 1 1 0 63 0 120 15 75 12 3 0 0 0 0 1 1 1 1 4
13 0 3 1 1 1 1 0 6 65 600 720 635 695 13 3 1 0 1 0 0 1 0 1 4
14 0 0 3 1 0 1 1 2 30 120 240 130 190 14 6 1 1 1 0 1 1 1 1 2
15 0 2 3 1 0 1 1 0 32 480 600 530 590 15 1 0 0 0 0 0 0 1 6 6
16 0 5 1 0 0 1 0 4 27 120 240 140 200 16 3 0 0 0 1 1 0 1 1 4
17 0 2 3 1 1 0 1 3 17 480 600 510 570 17 5 1 1 1 0 1 0 1 1 2
18 0 5 1 1 1 0 1 6 54 240 360 280 340 18 6 1 1 1 1 1 1 0 1 2
19 0 0 3 0 1 0 0 3 28 360 480 385 445 19 6 1 0 1 1 1 1 1 1 2
20 0 3 2 1 0 1 1 2 35 600 720 615 675 20 2 0 1 0 0 0 1 0 2 5
21 0 2 3 1 1 1 1 0 10 240 360 265 325 21 3 0 1 1 0 1 0 0 1 4
22 0 0 2 1 1 1 0 4 48 600 720 655 715 22 3 0 1 0 0 0 1 1 1 4
23 0 4 1 1 1 0 1 0 43 120 240 175 235 23 1 1 0 0 0 0 0 0 6 6
24 0 4 1 1 1 1 0 6 34 600 720 640 700 24 5 1 0 1 1 1 0 1 1 2
25 0 0 3 1 0 0 1 1 5 480 600 485 545 25 5 1 1 1 0 1 1 0 1 2
26 0 0 3 1 0 1 0 0 32 240 360 265 325 26 6 1 1 1 1 1 1 0 1 2
27 0 1 3 1 0 0 0 0 20 360 480 390 450 27 1 0 1 0 0 0 0 0 6 6
28 0 3 2 0 1 1 1 4 44 360 480 405 465 28 7 1 1 1 1 1 1 1 1 1
29 0 3 2 0 0 1 1 6 50 480 600 505 565 29 1 0 0 1 0 0 0 0 6 6
30 0 3 2 0 0 1 0 6 17 240 360 260 320 30 5 1 1 0 0 1 1 1 1 2
31 0 2 3 0 1 1 0 3 38 360 480 415 475 31 4 1 1 1 0 0 1 0 1 3
32 0 2 2 1 1 0 1 5 42 120 240 130 190 32 4 0 0 1 1 0 1 1 1 3
33 0 1 2 1 0 1 1 3 32 0 120 20 80 33 2 0 1 0 0 1 0 0 2 5
34 0 2 3 1 1 0 1 1 25 240 360 260 320 34 3 0 0 1 1 0 1 0 1 4
35 0 2 3 1 1 1 1 1 22 0 120 40 100 35 1 0 0 0 1 0 0 0 6 6

dist
0 41 28 33 36 17 38 19 23 49 39 10 29 29 42 41 40 22 15 26 2 11 36 23 34 43 9 46 28 9 12 29 31 27 27 5 24 17 13 9 14 10 34 
41 0 13 39 49 39 39 22 53 34 5 40 43 12 15 2 17 53 41 17 40 39 47 28 45 33 44 37 47 35 29 19 14 20 37 46 52 26 28 42 35 32 41 
28 13 0 35 44 30 37 12 43 37 10 29 37 6 21 13 21 44 31 5 27 29 43 21 40 35 33 39 40 24 16 9 6 16 31 33 43 16 15 29 25 20 37 
33 39 35 0 10 16 5 26 23 21 42 23 7 30 28 41 25 24 19 38 34 22 8 14 5 15 27 15 12 24 29 43 41 19 5 37 21 22 30 41 19 25 2 
36 49 44 10 0 19 12 34 19 29 52 25 8 39 39 51 35 20 20 47 38 24 2 22 5 23 28 23 8 29 36 52 50 29 13 39 17 29 37 45 24 31 9 
17 39 30 16 19 0 21 18 13 34 39 7 11 27 34 40 31 14 3 31 18 5 18 12 17 29 11 31 12 10 17 35 35 19 10 20 12 13 18 26 5 12 17 
38 39 37 5 12 21 0 29 28 17 43 28 11 31 27 41 24 29 24 41 39 26 10 17 8 11 32 11 16 29 33 46 43 21 10 41 25 25 34 46 23 29 4 
19 22 12 26 34 18 29 0 31 34 21 17 26 10 23 23 21 32 19 13 18 17 32 12 30 30 22 34 29 12 7 18 17 10 21 24 31 5 7 22 13 9 28 
23 53 43 23 19 13 28 31 0 44 53 15 16 41 47 54 44 1 12 44 25 15 20 25 21 38 14 39 12 20 29 48 48 33 20 24 2 27 30 32 18 24 24 
49 34 37 21 29 34 17 34 44 0 39 41 28 31 19 36 17 45 38 42 49 39 27 25 25 6 46 6 33 40 41 47 43 23 25 53 42 33 41 55 35 38 21 
39 5 10 42 52 39 43 21 53 39 0 39 45 12 20 4 22 53 41 13 37 39 50 29 47 38 43 42 48 34 27 14 9 22 39 43 52 26 25 39 35 30 43 
10 40 29 23 25 7 28 17 15 41 39 0 18 27 38 41 35 15 5 29 12 1 25 16 24 35 5 37 18 5 14 33 34 23 17 13 15 13 15 19 6 9 25 
29 43 37 7 8 11 11 26 16 28 45 18 0 32 34 44 30 17 13 39 30 17 7 15 5 22 22 22 5 21 28 44 42 22 5 32 14 21 29 37 16 23 7 
29 12 6 30 39 27 31 10 41 31 12 27 32 0 16 13 15 41 29 10 28 27 38 17 35 29 32 33 36 22 17 15 12 10 26 34 40 14 16 31 22 19 31 
42 15 21 28 39 34 27 23 47 19 20 38 34 16 0 17 3 48 37 26 42 37 37 22 34 19 43 23 38 34 31 30 25 15 28 47 45 25 30 46 32 31 29 
41 2 13 41 51 40 41 23 54 36 4 41 44 13 17 0 19 54 42 16 40 40 49 29 46 35 45 39 48 36 29 18 13 21 38 46 53 27 28 42 36 32 42 
40 17 21 25 35 31 24 21 44 17 22 35 30 15 3 19 0 44 34 26 39 34 33 19 30 16 40 20 35 31 29 30 26 12 25 45 42 23 29 44 29 29 26 
22 53 44 24 20 14 29 32 1 45 53 15 17 41 48 54 44 0 12 44 25 14 21 26 22 39 13 40 13 20 29 48 48 34 21 23 3 27 30 31 18 24 25 
15 41 31 19 20 3 24 19 12 38 41 5 13 29 37 42 34 12 0 32 17 4 20 15 19 32 8 34 13 9 17 36 36 22 13 18 11 15 19 24 6 12 20 
26 17 5 38 47 31 41 13 44 42 13 29 39 10 26 16 26 44 32 0 25 29 45 24 43 39 33 43 42 24 15 5 4 20 34 31 44 18 14 26 26 20 40 
2 40 27 34 38 18 39 18 25 49 37 12 30 28 42 40 39 25 17 25 0 13 37 24 36 44 11 47 30 10 11 27 29 27 28 6 26 17 12 7 15 10 36 
11 39 29 22 24 5 26 17 15 39 39 1 17 27 37 40 34 14 4 29 13 0 24 15 23 34 6 36 17 5 14 33 33 22 16 15 14 13 15 20 5 9 23 
36 47 43 8 2 18 10 32 20 27 50 25 7 38 37 49 33 21 20 45 37 24 0 21 2 21 28 21 8 28 35 50 49 27 11 38 18 28 36 44 23 30 7 
23 28 21 14 22 12 17 12 25 25 29 16 15 17 22 29 19 26 15 24 24 15 21 0 18 20 21 23 19 14 16 29 27 8 9 28 24 8 17 30 10 13 16 
34 45 40 5 5 17 8 30 21 25 47 24 5 35 34 46 30 22 19 43 36 23 2 18 0 19 28 19 8 26 33 48 46 25 9 38 18 26 34 43 21 28 4 
43 33 35 15 23 29 11 30 38 6 38 35 22 29 19 35 16 39 32 39 44 34 21 20 19 0 40 4 27 34 36 44 41 20 18 48 36 28 36 50 30 33 15 
9 44 33 27 28 11 32 22 14 46 43 5 22 32 43 45 40 13 8 33 11 6 28 21 28 40 0 42 20 9 17 36 37 28 22 10 15 18 18 18 11 13 29 
46 37 39 15 23 31 11 34 39 6 42 37 22 33 23 39 20 40 34 43 47 36 21 23 19 4 42 0 27 37 39 48 45 24 20 50 37 31 40 54 32 37 15 
28 47 40 12 8 12 16 29 12 33 48 18 5 36 38 48 35 13 13 42 30 17 8 19 8 27 20 27 0 22 29 47 46 26 10 31 9 24 30 37 17 24 12 
9 35 24 24 29 10 29 12 20 40 34 5 21 22 34 36 31 20 9 24 10 5 28 14 26 34 9 37 22 0 8 27 28 19 18 13 20 9 10 17 5 3 26 
12 29 16 29 36 17 33 7 29 41 27 14 28 17 31 29 29 29 17 15 11 14 35 16 33 36 17 39 29 8 0 19 20 17 24 17 29 8 1 15 12 5 31 
29 19 9 43 52 35 46 18 48 47 14 33 44 15 30 18 30 48 36 5 27 33 50 29 48 44 36 48 47 27 19 0 5 25 39 33 48 22 17 26 30 24 45 
31 14 6 41 50 35 43 17 48 43 9 34 42 12 25 13 26 48 36 4 29 33 49 27 46 41 37 45 46 28 20 5 0 22 37 35 48 22 18 30 30 24 43 
27 20 16 19 29 19 21 10 33 23 22 23 22 10 15 21 12 34 22 20 27 22 27 8 25 20 28 24 26 19 17 25 22 0 17 32 32 10 17 33 17 17 21 
27 37 31 5 13 10 10 21 20 25 39 17 5 26 28 38 25 21 13 34 28 16 11 9 9 18 22 20 10 18 24 39 37 17 0 31 18 17 25 35 13 19 7 
5 46 33 37 39 20 41 24 24 53 43 13 32 34 47 46 45 23 18 31 6 15 38 28 38 48 10 50 31 13 17 33 35 32 31 0 25 22 18 8 18 15 38 
24 52 43 21 17 12 25 31 2 42 52 15 14 40 45 53 42 3 11 44 26 14 18 24 18 36 15 37 9 20 29 48 48 32 18 25 0 26 30 33 17 23 21 
17 26 16 22 29 13 25 5 27 33 26 13 21 14 25 27 23 27 15 18 17 13 28 8 26 28 18 31 24 9 8 22 22 10 17 22 26 0 8 22 8 6 24 
13 28 15 30 37 18 34 7 30 41 25 15 29 16 30 28 29 30 19 14 12 15 36 17 34 36 18 40 30 10 1 17 18 17 25 18 30 8 0 15 13 6 32 
9 42 29 41 45 26 46 22 32 55 39 19 37 31 46 42 44 31 24 26 7 20 44 30 43 50 18 54 37 17 15 26 30 33 35 8 33 22 15 0 22 17 43 
14 35 25 19 24 5 23 13 18 35 35 6 16 22 32 36 29 18 6 26 15 5 23 10 21 30 11 32 17 5 12 30 30 17 13 18 17 8 13 22 0 7 21 
10 32 20 25 31 12 29 9 24 38 30 9 23 19 31 32 29 24 12 20 10 9 30 13 28 33 13 37 24 3 5 24 24 17 19 15 23 6 6 17 7 0 27 
34 41 37 2 9 17 4 28 24 21 43 25 7 31 29 42 26 25 20 40 36 23 7 16 4 15 29 15 12 26 31 45 43 21 7 38 21 24 32 43 21 27 0 
