Name: Pf 1 schließt 10 nicht aus und kann Sprache 4
Comment: 1354015832 1354015832
Type: s 
Nurses:6
Workers: 6
Clients: 30
Jobs: 30
Dkws: 0
Related: 0
Synchron: 0

nurses qualification: nr, exclude, qual, language (4), usual shift length, extra 
1 0 3 0 1 0 1 480 1
2 14 3 1 0 1 0 300 1
3 23 2 1 0 0 1 240 1
4 14 2 0 1 1 0 420 1
5 1 1 1 1 1 1 300 1
6 22 1 0 1 0 0 360 1

workers: nr, anurse(7) + bnurse(7), abreak, bbreak, pause, ident, start (unbez.home/depot/bez.home (0,1,2))
1 150 630 5 485 85 565 135 615 120 600 210 690 235 715 240 360 30 1 2 -1
2 5 305 350 650 55 355 20 320 35 335 60 360 130 430 240 360 30 2 2 -1
3 365 605 365 605 75 315 335 575 380 620 30 270 410 650 240 360 30 3 0 -1
4 255 675 295 715 120 540 230 650 245 665 215 635 80 500 240 360 30 4 1 -1
5 410 710 295 595 245 545 300 600 260 560 220 520 310 610 240 360 30 5 1 -1
6 325 685 345 705 95 455 90 450 130 490 5 365 295 655 240 360 30 6 0 -1

jobs: nr, include, exclude, qual, language(4), pref,  duration, a, b, asoft, bsoft, ident, freq, Mo, Di, Mi, Do, Fr, Sa, So, ltl, utl
1 0 3 1 1 1 1 0 0 29 480 600 515 575 1 2 0 1 0 1 0 0 0 2 5
2 0 1 2 0 0 1 0 2 45 240 360 295 355 2 2 0 0 1 0 0 1 0 2 5
3 0 0 3 1 1 0 1 0 25 240 360 295 355 3 4 1 0 1 1 0 0 1 1 3
4 0 0 3 0 1 1 1 1 38 360 480 370 430 4 7 1 1 1 1 1 1 1 1 1
5 0 0 2 0 1 1 0 0 44 600 720 620 680 5 7 1 1 1 1 1 1 1 1 1
6 0 2 2 1 0 0 1 0 42 0 120 20 80 6 1 0 1 0 0 0 0 0 6 6
7 0 4 1 1 1 1 0 0 40 600 720 620 680 7 2 1 0 0 0 0 0 1 2 5
8 0 3 1 1 1 1 0 4 52 120 240 160 220 8 5 1 1 0 0 1 1 1 1 2
9 0 0 2 0 1 0 1 4 15 600 720 645 705 9 4 0 1 1 0 1 0 1 1 3
10 0 0 3 0 0 1 1 0 38 240 360 295 355 10 7 1 1 1 1 1 1 1 1 1
11 0 1 2 1 0 1 0 2 34 240 360 260 320 11 5 0 1 1 1 1 1 0 1 2
12 0 2 2 1 0 0 0 3 49 240 360 270 330 12 2 0 1 0 0 0 1 0 2 5
13 0 1 2 1 1 1 1 3 41 360 480 410 470 13 4 0 1 1 1 0 0 1 1 3
14 0 2 1 0 0 0 1 3 55 480 600 525 585 14 4 1 0 1 1 0 0 1 1 3
15 0 0 3 1 0 0 1 0 46 480 600 480 540 15 1 0 1 0 0 0 0 0 6 6
16 0 0 3 0 1 1 1 1 12 600 720 655 715 16 6 1 0 1 1 1 1 1 1 2
17 0 1 3 0 1 1 0 2 39 0 120 30 90 17 1 0 1 0 0 0 0 0 6 6
18 0 2 1 0 1 1 1 4 74 600 720 600 660 18 4 1 1 0 1 0 0 1 1 3
19 0 2 2 1 0 0 1 0 24 120 240 170 230 19 3 1 0 1 0 0 1 0 1 4
20 0 1 2 0 0 1 0 4 53 480 600 490 550 20 4 1 0 0 1 1 1 0 1 3
21 0 4 1 1 0 0 0 0 34 360 480 380 440 21 4 0 1 1 0 0 1 1 1 3
22 0 0 2 0 1 0 0 1 21 480 600 485 545 22 4 1 1 1 1 0 0 0 1 3
23 0 0 3 0 1 0 0 1 38 120 240 135 195 23 2 1 0 0 0 0 1 0 2 5
24 0 5 1 1 1 0 1 6 48 600 720 620 680 24 1 0 0 0 1 0 0 0 6 6
25 0 0 3 1 0 1 0 2 37 240 360 270 330 25 2 0 1 1 0 0 0 0 2 5
26 0 0 3 0 1 0 0 1 40 0 120 55 115 26 2 0 0 0 0 1 0 1 2 5
27 0 1 3 1 1 1 0 2 10 480 600 520 580 27 2 0 1 1 0 0 0 0 2 5
28 0 4 1 0 0 0 1 0 69 240 360 260 320 28 1 0 0 0 0 1 0 0 6 6
29 0 2 1 1 1 1 1 3 51 360 480 415 475 29 6 1 1 1 1 0 1 1 1 2
30 0 4 1 1 0 0 0 3 20 120 240 125 185 30 5 1 0 1 0 1 1 1 1 2

dist
0 2 25 10 9 43 32 27 28 12 33 22 16 47 34 36 19 29 24 37 19 39 40 51 13 40 15 38 11 38 41 30 42 25 10 34 22 
2 0 26 8 10 45 33 29 30 14 35 24 18 49 34 38 18 31 26 38 20 40 42 51 12 41 18 40 13 40 41 31 43 26 12 36 23 
25 26 0 26 16 25 7 20 19 13 18 16 12 26 11 19 14 26 23 14 6 16 29 29 20 16 21 28 30 27 21 9 18 5 15 19 3 
10 8 26 0 15 49 33 35 35 18 39 30 22 52 33 41 15 38 33 36 22 42 47 48 7 40 24 45 21 45 37 29 42 28 17 40 24 
9 10 16 15 0 34 23 20 20 3 25 15 7 38 26 27 15 23 18 29 10 29 32 43 13 32 11 30 15 30 34 23 34 16 2 25 13 
43 45 25 49 34 0 20 18 16 31 9 21 26 6 30 7 40 21 24 32 26 12 11 41 44 28 30 12 42 11 41 32 30 21 32 9 26 
32 33 7 33 23 20 0 21 19 20 16 19 18 20 10 16 21 27 26 12 13 10 27 25 27 11 25 26 36 25 21 11 14 7 22 17 10 
27 29 20 35 20 18 21 0 2 17 9 5 13 24 30 12 31 5 6 34 17 20 12 47 32 32 12 10 24 10 42 30 35 15 18 9 19 
28 30 19 35 20 16 19 2 0 17 7 5 13 22 29 10 30 7 8 32 16 18 12 45 32 30 13 10 25 10 40 28 33 14 18 7 18 
12 14 13 18 3 31 20 17 17 0 21 11 4 34 24 23 16 20 16 28 7 26 29 42 15 30 9 27 16 27 33 22 32 13 2 22 10 
33 35 18 39 25 9 16 9 7 21 0 11 17 15 26 3 32 13 15 28 18 12 11 41 35 26 20 10 32 9 37 27 29 13 23 1 18 
22 24 16 30 15 21 19 5 5 11 11 0 7 26 27 14 26 10 7 30 12 20 17 44 27 30 9 15 21 15 38 26 33 12 12 11 14 
16 18 12 22 7 26 18 13 13 4 17 7 0 31 24 19 19 17 13 27 6 23 25 41 19 28 8 23 18 23 34 22 31 10 5 17 9 
47 49 26 52 38 6 20 24 22 34 15 26 31 0 29 12 41 27 30 30 29 10 18 38 47 25 35 19 47 17 38 31 27 23 36 15 28 
34 34 11 33 26 30 10 30 29 24 26 27 24 29 0 26 18 36 34 3 17 18 37 17 26 7 32 36 41 35 11 4 9 15 26 27 14 
36 38 19 41 27 7 16 12 10 23 3 14 19 12 26 0 33 16 18 28 19 10 11 39 37 25 23 11 35 9 37 27 27 14 25 3 19 
19 18 14 15 15 40 21 31 30 16 32 26 19 41 18 33 0 36 32 21 14 31 42 32 8 25 25 40 29 40 22 14 27 18 16 33 13 
29 31 26 38 23 21 27 5 7 20 13 10 17 27 36 16 36 0 5 39 22 25 12 53 36 38 13 10 23 11 47 36 41 21 21 13 24 
24 26 23 33 18 24 26 6 8 16 15 7 13 30 34 18 32 5 0 38 18 26 17 51 31 37 8 14 19 15 45 33 40 19 16 15 21 
37 38 14 36 29 32 12 34 32 28 28 30 27 30 3 28 21 39 38 0 21 20 39 14 29 5 36 39 44 37 9 7 6 18 30 29 17 
19 20 6 22 10 26 13 17 16 7 18 12 6 29 17 19 14 22 18 21 0 20 27 35 17 22 14 26 23 25 27 15 25 6 9 18 3 
39 40 16 42 29 12 10 20 18 26 12 20 23 10 18 10 31 25 26 20 20 0 21 30 36 16 29 21 41 19 29 21 18 13 28 12 18 
40 42 29 47 32 11 27 12 12 29 11 17 25 18 37 11 42 12 17 39 27 21 0 51 44 36 25 2 36 2 48 38 39 24 30 10 28 
51 51 29 48 43 41 25 47 45 42 41 44 41 38 17 39 32 53 51 14 35 30 51 0 41 14 50 51 58 49 11 20 12 32 44 42 32 
13 12 20 7 13 44 27 32 32 15 35 27 19 47 26 37 8 36 31 29 17 36 44 41 0 33 24 42 24 42 30 22 35 23 15 36 18 
40 41 16 40 32 28 11 32 30 30 26 30 28 25 7 25 25 38 37 5 22 16 36 14 33 0 36 36 46 35 13 11 2 18 31 27 19 
15 18 21 24 11 30 25 12 13 9 20 9 8 35 32 23 25 13 8 36 14 29 25 50 24 36 0 22 12 23 42 30 39 18 9 20 18 
38 40 28 45 30 12 26 10 10 27 10 15 23 19 36 11 40 10 14 39 26 21 2 51 42 36 22 0 34 1 47 37 39 23 28 9 27 
11 13 30 21 15 42 36 24 25 16 32 21 18 47 41 35 29 23 19 44 23 41 36 58 24 46 12 34 0 34 49 38 49 28 14 32 27 
38 40 27 45 30 11 25 10 10 27 9 15 23 17 35 9 40 11 15 37 25 19 2 49 42 35 23 1 34 0 46 36 37 22 28 8 26 
41 41 21 37 34 41 21 42 40 33 37 38 34 38 11 37 22 47 45 9 27 29 48 11 30 13 42 47 49 46 0 12 12 26 35 38 24 
30 31 9 29 23 32 11 30 28 22 27 26 22 31 4 27 14 36 33 7 15 21 38 20 22 11 30 37 38 36 12 0 13 14 23 28 12 
42 43 18 42 34 30 14 35 33 32 29 33 31 27 9 27 27 41 40 6 25 18 39 12 35 2 39 39 49 37 12 13 0 21 34 29 21 
25 26 5 28 16 21 7 15 14 13 13 12 10 23 15 14 18 21 19 18 6 13 24 32 23 18 18 23 28 22 26 14 21 0 15 14 5 
10 12 15 17 2 32 22 18 18 2 23 12 5 36 26 25 16 21 16 30 9 28 30 44 15 31 9 28 14 28 35 23 34 15 0 23 12 
34 36 19 40 25 9 17 9 7 22 1 11 17 15 27 3 33 13 15 29 18 12 10 42 36 27 20 9 32 8 38 28 29 14 23 0 19 
22 23 3 24 13 26 10 19 18 10 18 14 9 28 14 19 13 24 21 17 3 18 28 32 18 19 18 27 27 26 24 12 21 5 12 19 0 
