Name: Pfl. 4 Sprache 1, Pf. 7 Sprache 4, Job 3 kann Sprache 3, Pf. 5 darf zu 31, 34 kann Sprache 2, 37 kann Sprache 3
Comment: 1354093949 1354093949
Type: s 
Nurses:9
Workers: 9
Clients: 45
Jobs: 45
Dkws: 0 
Related: 0 
Synchron: 0 

nurses qualification: nr, exclude, qual, language (4), usual shift length, extra 
1 29 3 1 0 1 1 420 1
2 8 3 1 1 0 1 360 1
3 4 3 1 0 1 0 360 1
4 19 2 1 0 0 1 420 1
5 0 2 0 0 1 1 240 1
6 18 2 0 1 0 0 180 1
7 35 1 1 0 0 1 180 1
8 17 1 0 0 1 0 180 1
9 38 1 0 1 1 0 240 1

workers: nr, anurse(7) + bnurse(7), abreak, bbreak, pause, ident, start (unbez.home/depot/bez.home (0,1,2))
1 185 605 115 535 135 555 40 460 60 480 10 430 210 630 240 360 30 1 2 -1
2 45 405 270 630 80 440 270 630 360 720 35 395 345 705 240 360 30 2 1 -1
3 160 520 235 595 25 385 30 390 205 565 50 410 0 360 240 360 30 3 1 -1
4 135 555 235 655 285 705 90 510 20 440 255 675 65 485 240 360 30 4 1 -1
5 15 255 235 475 440 680 40 280 70 310 55 295 335 575 240 360 30 5 0 -1
6 255 435 270 450 520 700 415 595 370 550 350 530 530 710 240 360 30 6 2 -1
7 290 470 385 565 385 565 275 455 105 285 515 695 270 450 240 360 30 7 0 -1
8 100 280 70 250 320 500 335 515 450 630 130 310 320 500 240 360 30 8 0 -1
9 405 645 445 685 345 585 30 270 475 715 290 530 85 325 240 360 30 9 2 -1

jobs: nr, include, exclude, qual, language(4), pref,  duration, a, b, asoft, bsoft, ident, freq, Mo, Di, Mi, Do, Fr, Sa, So, ltl, utl
1 0 1 3 1 1 0 0 2 19 120 240 160 220 1 5 1 1 0 1 1 1 0 1 2
2 0 0 3 0 1 0 0 0 9 600 720 650 710 2 3 0 1 0 1 1 0 0 1 4
3 0 2 2 1 0 1 0 1 38 360 480 405 465 3 6 1 1 1 1 1 0 1 1 2
4 0 8 1 1 1 1 1 4 50 0 120 25 85 4 4 0 0 0 1 1 1 1 1 3
5 0 2 2 1 1 1 0 3 49 120 240 135 195 5 4 0 1 1 0 0 1 1 1 3
6 0 0 2 1 0 0 0 2 46 600 720 630 690 6 4 0 1 0 1 1 1 0 1 3
7 0 1 3 1 1 0 1 2 63 120 240 140 200 7 5 0 1 0 1 1 1 1 1 2
8 0 2 3 1 1 1 1 1 18 0 120 35 95 8 4 1 0 0 0 1 1 1 1 3
9 0 4 1 1 0 1 1 5 42 600 720 640 700 9 2 0 0 1 1 0 0 0 2 5
10 0 5 1 0 1 1 1 4 53 360 480 400 460 10 2 0 1 0 0 0 0 1 2 5
11 0 8 1 0 1 1 1 4 47 120 240 165 225 11 3 1 1 0 1 0 0 0 1 4
12 0 6 1 1 0 1 1 9 42 0 120 20 80 12 7 1 1 1 1 1 1 1 1 1
13 0 3 2 1 1 0 1 0 33 120 240 150 210 13 2 0 1 0 0 0 1 0 2 5
14 0 4 1 0 1 1 0 5 48 360 480 370 430 14 6 0 1 1 1 1 1 1 1 2
15 0 5 1 0 1 1 1 0 27 240 360 240 300 15 6 1 1 0 1 1 1 1 1 2
16 0 0 2 0 1 1 1 4 50 240 360 285 345 16 7 1 1 1 1 1 1 1 1 1
17 0 0 3 0 1 1 1 1 8 120 240 155 215 17 7 1 1 1 1 1 1 1 1 1
18 0 1 2 0 1 0 1 5 17 600 720 630 690 18 4 0 1 0 1 1 0 1 1 3
19 0 1 3 1 1 1 0 3 18 360 480 365 425 19 3 1 0 1 0 1 0 0 1 4
20 0 1 3 1 0 0 0 0 47 360 480 410 470 20 5 1 1 0 1 1 0 1 1 2
21 0 2 2 1 0 0 0 0 22 480 600 490 550 21 5 1 1 1 1 0 1 0 1 2
22 0 8 1 0 1 1 1 0 34 360 480 365 425 22 7 1 1 1 1 1 1 1 1 1
23 0 3 2 0 0 1 1 1 22 600 720 655 715 23 3 1 0 0 1 1 0 0 1 4
24 0 7 1 0 0 1 1 4 47 240 360 285 345 24 3 1 1 0 0 0 0 1 1 4
25 0 1 3 0 1 1 0 2 34 120 240 140 200 25 3 1 1 0 0 0 1 0 1 4
26 0 3 1 1 1 1 1 8 40 240 360 285 345 26 6 1 1 1 1 0 1 1 1 2
27 0 4 2 0 1 0 1 2 27 0 120 5 65 27 6 1 0 1 1 1 1 1 1 2
28 0 1 2 0 1 0 1 6 42 480 600 485 545 28 7 1 1 1 1 1 1 1 1 1
29 0 3 2 0 1 1 1 0 12 600 720 635 695 29 3 0 1 1 0 1 0 0 1 4
30 0 4 1 1 1 1 1 0 31 240 360 275 335 30 3 0 0 1 1 0 1 0 1 4
31 0 3 2 1 0 0 1 1 68 120 240 130 190 31 5 1 1 1 0 1 0 1 1 2
32 0 4 1 0 0 0 1 5 52 240 360 285 345 32 6 1 1 1 0 1 1 1 1 2
33 0 0 2 1 1 0 1 5 30 0 120 35 95 33 5 1 1 0 1 1 1 0 1 2
34 0 0 2 1 1 0 1 2 61 0 120 5 65 34 7 1 1 1 1 1 1 1 1 1
35 0 0 2 1 1 1 1 1 47 600 720 630 690 35 1 0 0 1 0 0 0 0 6 6
36 0 7 1 1 0 1 1 9 55 480 600 495 555 36 4 1 0 1 1 1 0 0 1 3
37 0 0 3 0 1 1 0 2 27 120 240 160 220 37 6 1 1 1 0 1 1 1 1 2
38 0 3 1 0 0 0 1 5 67 360 480 400 460 38 5 1 0 1 0 1 1 1 1 2
39 0 4 1 0 0 1 0 9 59 480 600 490 550 39 6 1 1 1 0 1 1 1 1 2
40 0 0 3 0 1 0 0 0 36 120 240 125 185 40 1 1 0 0 0 0 0 0 6 6
41 0 0 3 0 1 0 1 2 38 480 600 510 570 41 4 0 1 1 0 1 0 1 1 3
42 0 0 3 1 0 1 1 1 9 600 720 615 675 42 1 0 0 0 0 1 0 0 6 6
43 0 2 3 1 1 1 0 0 34 240 360 245 305 43 2 0 0 0 1 1 0 0 2 5
44 0 0 3 1 1 0 1 1 45 360 480 375 435 44 4 1 0 0 0 1 1 1 1 3
45 0 0 3 1 1 0 1 2 18 120 240 135 195 45 7 1 1 1 1 1 1 1 1 1

dist
0 32 25 12 16 10 32 20 44 35 37 57 53 17 49 30 51 39 50 47 51 39 43 17 20 29 42 22 57 23 47 33 16 8 32 36 41 18 21 45 48 14 35 16 35 36 46 42 49 33 56 14 12 23 18 
32 0 41 38 18 25 1 15 25 3 27 43 45 16 61 25 48 18 49 43 51 56 32 41 12 12 38 45 46 36 35 11 34 39 3 22 35 25 25 53 37 46 49 44 33 8 51 50 63 25 43 18 44 30 46 
25 41 0 14 23 19 40 25 38 43 26 42 34 26 24 21 30 36 29 29 29 15 29 11 29 31 25 8 40 5 34 34 9 20 39 30 25 16 16 20 34 22 10 16 20 40 21 17 24 24 40 29 25 11 17 
12 38 14 0 20 13 38 24 44 41 34 53 47 22 37 27 43 40 42 41 42 27 39 4 26 32 36 9 52 14 44 36 7 6 38 35 36 16 19 34 44 10 24 6 30 41 36 31 36 30 51 22 11 17 8 
16 18 23 20 0 7 18 4 28 21 21 42 40 2 45 15 40 22 40 35 41 38 28 22 6 13 30 26 43 18 32 16 15 21 18 20 27 7 9 39 34 28 32 26 23 21 38 35 47 18 41 8 27 14 28 
10 25 19 13 7 0 25 11 34 28 26 46 43 9 43 19 41 29 41 37 42 35 32 16 13 19 32 20 47 15 37 23 10 14 25 26 30 7 11 37 38 21 29 19 25 28 38 34 44 22 45 9 20 14 21 
32 1 40 38 18 25 0 15 24 3 26 42 44 16 60 24 47 17 48 42 50 55 31 41 12 11 37 44 45 35 34 10 34 39 2 21 34 24 24 52 36 46 49 44 32 7 51 49 62 24 42 18 44 30 46 
20 15 25 24 4 11 15 0 24 18 19 39 38 3 47 14 39 18 39 34 40 41 25 26 4 8 29 29 40 20 30 12 18 25 14 17 26 9 10 39 31 32 34 30 22 17 39 36 48 16 38 9 31 15 32 
44 25 38 44 28 34 24 24 0 25 12 18 23 28 49 17 28 7 29 22 31 48 12 44 26 16 20 45 21 33 11 14 37 47 22 8 17 28 25 39 13 54 41 49 19 17 36 37 52 14 18 34 54 27 51 
35 3 43 41 21 28 3 18 25 0 28 43 46 19 63 27 49 18 50 44 52 58 33 44 15 14 39 48 46 38 35 12 37 42 4 23 36 27 27 55 37 49 52 47 34 8 53 52 65 26 43 21 47 33 49 
37 27 26 34 21 26 26 19 12 28 0 20 19 23 38 7 21 12 21 15 23 36 6 34 23 15 11 34 21 21 10 16 26 38 24 5 7 19 15 28 12 44 29 39 7 21 26 26 41 3 19 29 44 16 40 
57 43 42 53 42 46 42 39 18 43 20 0 11 42 44 27 18 25 20 15 22 46 14 52 42 32 17 51 5 39 9 32 45 57 40 22 17 39 35 35 8 63 41 57 22 35 31 34 48 23 2 49 64 35 58 
53 45 34 47 40 43 44 38 23 46 19 11 0 41 33 24 7 28 9 5 11 36 13 45 42 34 10 43 7 32 11 34 39 52 42 23 12 35 31 24 9 56 31 50 17 38 20 23 37 22 9 47 58 30 51 
17 16 26 22 2 9 16 3 28 19 23 42 41 0 48 17 42 22 42 37 43 41 29 25 4 12 32 29 44 21 33 15 18 23 16 21 29 10 11 41 35 30 35 28 25 19 41 38 50 19 42 6 28 17 30 
49 61 24 37 45 43 60 47 49 63 38 44 33 48 0 36 26 50 24 29 22 10 37 33 51 49 29 28 40 27 40 52 33 43 59 43 32 38 37 9 38 43 13 37 30 58 13 11 4 38 42 52 47 31 36 
30 25 21 27 15 19 24 14 17 27 7 27 24 17 36 0 25 15 25 20 26 33 13 27 18 12 15 28 27 16 17 15 19 31 22 9 12 12 8 28 18 37 26 32 8 21 26 25 39 3 26 23 37 10 34 
51 48 30 43 40 41 47 39 28 49 21 18 7 42 26 25 0 32 2 5 4 30 16 41 43 36 10 38 14 29 17 37 36 49 45 26 13 34 31 17 15 53 26 47 17 42 13 17 30 23 16 48 55 28 47 
39 18 36 40 22 29 17 18 7 18 12 25 28 22 50 15 32 0 33 26 35 48 16 41 19 9 23 43 28 31 17 7 33 43 15 7 19 23 21 41 19 49 41 46 20 10 39 39 53 13 25 27 49 25 47 
50 49 29 42 40 41 48 39 29 50 21 20 9 42 24 25 2 33 0 7 2 28 17 40 43 37 10 37 16 28 18 38 35 48 46 27 14 34 31 15 16 52 24 46 17 43 11 15 28 24 18 48 54 27 46 
47 43 29 41 35 37 42 34 22 44 15 15 5 37 29 20 5 26 7 0 9 31 10 39 38 30 5 37 12 27 11 31 33 46 40 20 8 30 26 20 9 51 26 45 12 36 16 19 33 18 13 43 53 24 45 
51 51 29 42 41 42 50 40 31 52 23 22 11 43 22 26 4 35 2 9 0 26 19 40 44 38 12 37 18 28 20 40 36 48 48 29 16 35 32 13 18 51 23 45 18 45 9 14 26 25 20 49 54 28 46 
39 56 15 27 38 35 55 41 48 58 36 46 36 41 10 33 30 48 28 31 26 0 37 23 45 44 30 18 43 20 41 48 25 33 54 41 32 31 31 13 40 33 6 27 28 54 17 12 9 35 44 45 37 25 26 
43 32 29 39 28 32 31 25 12 33 6 14 13 29 37 13 16 16 17 10 19 37 0 38 29 21 8 38 14 25 5 21 31 43 29 10 5 25 21 27 5 49 31 44 9 26 24 25 40 9 13 35 50 21 45 
17 41 11 4 22 16 41 26 44 44 34 52 45 25 33 27 41 41 40 39 40 23 38 0 29 34 35 5 50 12 43 38 8 10 41 36 35 18 20 30 43 11 20 5 29 43 32 28 32 31 50 26 14 17 6 
20 12 29 26 6 13 12 4 26 15 23 42 42 4 51 18 43 19 43 38 44 45 29 29 0 10 33 33 44 24 33 12 22 27 12 20 30 13 14 44 34 34 38 32 26 15 43 41 53 20 41 7 32 20 34 
29 12 31 32 13 19 11 8 16 14 15 32 34 12 49 12 36 9 37 30 38 44 21 34 10 0 26 36 35 25 24 4 26 34 10 11 22 16 14 41 26 41 38 38 20 9 39 38 51 13 32 17 40 19 40 
42 38 25 36 30 32 37 29 20 39 11 17 10 32 29 15 10 23 10 5 12 30 8 35 33 26 0 33 15 22 11 27 29 42 35 16 3 25 21 19 10 46 24 41 7 32 16 18 32 13 15 38 48 19 41 
22 45 8 9 26 20 44 29 45 48 34 51 43 29 28 28 38 43 37 37 37 18 38 5 33 36 33 0 49 12 42 40 10 15 44 37 34 20 22 26 42 15 15 9 28 45 29 24 27 31 49 30 19 18 8 
57 46 40 52 43 47 45 40 21 46 21 5 7 44 40 27 14 28 16 12 18 43 14 50 44 35 15 49 0 38 11 35 44 57 43 24 16 39 35 31 9 62 38 56 22 38 27 30 44 24 3 50 63 34 57 
23 36 5 14 18 15 35 20 33 38 21 39 32 21 27 16 29 31 28 27 28 20 25 12 24 25 22 12 38 0 30 29 7 20 34 25 22 11 11 22 31 24 14 18 16 35 23 19 28 19 37 25 26 6 19 
47 35 34 44 32 37 34 30 11 35 10 9 11 33 40 17 17 17 18 11 20 41 5 43 33 24 11 42 11 30 0 24 36 48 32 13 9 29 26 30 2 54 35 49 14 27 27 29 43 14 8 39 55 26 50 
33 11 34 36 16 23 10 12 14 12 16 32 34 15 52 15 37 7 38 31 40 48 21 38 12 4 27 40 35 29 24 0 30 38 8 11 24 20 18 43 26 44 41 42 22 5 41 41 55 15 32 20 43 23 44 
16 34 9 7 15 10 34 18 37 37 26 45 39 18 33 19 36 33 35 33 36 25 31 8 22 26 29 10 44 7 36 30 0 13 33 28 28 10 12 29 36 17 19 13 22 35 30 26 34 23 43 20 19 10 14 
8 39 20 6 21 14 39 25 47 42 38 57 52 23 43 31 49 43 48 46 48 33 43 10 27 34 42 15 57 20 48 38 13 0 39 39 41 19 23 40 49 7 30 7 35 42 42 37 42 35 56 21 6 22 9 
32 3 39 38 18 25 2 14 22 4 24 40 42 16 59 22 45 15 46 40 48 54 29 41 12 10 35 44 43 34 32 8 33 39 0 19 32 23 23 51 34 46 47 44 30 5 49 48 61 22 40 18 44 28 46 
36 22 30 35 20 26 21 17 8 23 5 22 23 21 43 9 26 7 27 20 29 41 10 36 20 11 16 37 24 25 13 11 28 39 19 0 13 19 16 34 15 45 34 41 13 16 31 31 46 6 21 27 45 19 43 
41 35 25 36 27 30 34 26 17 36 7 17 12 29 32 12 13 19 14 8 16 32 5 35 30 22 3 34 16 22 9 24 28 41 32 13 0 23 19 22 8 46 26 40 5 29 19 20 35 10 15 35 47 18 41 
18 25 16 16 7 7 24 9 28 27 19 39 35 10 38 12 34 23 34 30 35 31 25 18 13 16 25 20 39 11 29 20 10 19 23 19 23 0 3 31 30 26 25 22 18 25 31 28 40 15 38 14 26 7 24 
21 25 16 19 9 11 24 10 25 27 15 35 31 11 37 8 31 21 31 26 32 31 21 20 14 14 21 22 35 11 26 18 12 23 23 16 19 3 0 29 27 29 24 25 14 24 29 26 38 12 34 17 29 5 26 
45 53 20 34 39 37 52 39 39 55 28 35 24 41 9 28 17 41 15 20 13 13 27 30 44 41 19 26 31 22 30 43 29 40 51 34 22 31 29 0 29 42 11 35 21 49 4 3 13 29 33 46 45 24 35 
48 37 34 44 34 38 36 31 13 37 12 8 9 35 38 18 15 19 16 9 18 40 5 43 34 26 10 42 9 31 2 26 36 49 34 15 8 30 27 29 0 54 34 49 14 29 25 28 42 15 7 41 55 26 50 
14 46 22 10 28 21 46 32 54 49 44 63 56 30 43 37 53 49 52 51 51 33 49 11 34 41 46 15 62 24 54 44 17 7 46 45 46 26 29 42 54 0 31 6 40 49 44 39 42 40 61 28 4 27 7 
35 49 10 24 32 29 49 34 41 52 29 41 31 35 13 26 26 41 24 26 23 6 31 20 38 38 24 15 38 14 35 41 19 30 47 34 26 25 24 11 34 31 0 24 22 47 14 9 14 28 39 39 34 19 24 
16 44 16 6 26 19 44 30 49 47 39 57 50 28 37 32 47 46 46 45 45 27 44 5 32 38 41 9 56 18 49 42 13 7 44 41 40 22 25 35 49 6 24 0 35 47 38 33 36 36 56 27 10 22 2 
35 33 20 30 23 25 32 22 19 34 7 22 17 25 30 8 17 20 17 12 18 28 9 29 26 20 7 28 22 16 14 22 22 35 30 13 5 18 14 21 14 40 22 35 0 28 19 18 33 7 21 31 41 12 36 
36 8 40 41 21 28 7 17 17 8 21 35 38 19 58 21 42 10 43 36 45 54 26 43 15 9 32 45 38 35 27 5 35 42 5 16 29 25 24 49 29 49 47 47 28 0 47 46 60 20 35 23 48 29 49 
46 51 21 36 38 38 51 39 36 53 26 31 20 41 13 26 13 39 11 16 9 17 24 32 43 39 16 29 27 23 27 41 30 42 49 31 19 31 29 4 25 44 14 38 19 47 0 5 17 26 29 46 47 24 38 
42 50 17 31 35 34 49 36 37 52 26 34 23 38 11 25 17 39 15 19 14 12 25 28 41 38 18 24 30 19 29 41 26 37 48 31 20 28 26 3 28 39 9 33 18 46 5 0 14 26 32 43 42 21 33 
49 63 24 36 47 44 62 48 52 65 41 48 37 50 4 39 30 53 28 33 26 9 40 32 53 51 32 27 44 28 43 55 34 42 61 46 35 40 38 13 42 42 14 36 33 60 17 14 0 40 46 53 46 33 35 
33 25 24 30 18 22 24 16 14 26 3 23 22 19 38 3 23 13 24 18 25 35 9 31 20 13 13 31 24 19 14 15 23 35 22 6 10 15 12 29 15 40 28 36 7 20 26 26 40 0 22 25 41 13 37 
56 43 40 51 41 45 42 38 18 43 19 2 9 42 42 26 16 25 18 13 20 44 13 50 41 32 15 49 3 37 8 32 43 56 40 21 15 38 34 33 7 61 39 56 21 35 29 32 46 22 0 48 62 33 57 
14 18 29 22 8 9 18 9 34 21 29 49 47 6 52 23 48 27 48 43 49 45 35 26 7 17 38 30 50 25 39 20 20 21 18 27 35 14 17 46 41 28 39 27 31 23 46 43 53 25 48 0 26 21 30 
12 44 25 11 27 20 44 31 54 47 44 64 58 28 47 37 55 49 54 53 54 37 50 14 32 40 48 19 63 26 55 43 19 6 44 45 47 26 29 45 55 4 34 10 41 48 47 42 46 41 62 26 0 29 11 
23 30 11 17 14 14 30 15 27 33 16 35 30 17 31 10 28 25 27 24 28 25 21 17 20 19 19 18 34 6 26 23 10 22 28 19 18 7 5 24 26 27 19 22 12 29 24 21 33 13 33 21 29 0 24 
18 46 17 8 28 21 46 32 51 49 40 58 51 30 36 34 47 47 46 45 46 26 45 6 34 40 41 8 57 19 50 44 14 9 46 43 41 24 26 35 50 7 24 2 36 49 38 33 35 37 57 30 11 24 0 
