Name: Job 26 kann auch Sprache 2, Job 1 kann auch Sprache 2
Comment: 1354016697 1354016697
Type: s 
Nurses:6
Workers: 6
Clients: 30
Jobs: 30
Dkws: 0
Related: 0
Synchron: 0

nurses qualification: nr, exclude, qual, language (4), usual shift length, extra 
1 21 3 0 1 1 1 180 1
2 20 3 0 1 1 0 180 1
3 4 2 1 1 0 0 240 1
4 27 2 1 0 1 1 300 1
5 16 1 0 1 1 0 180 1
6 4 1 1 1 0 0 300 1

workers: nr, anurse(7) + bnurse(7), abreak, bbreak, pause, ident, start (unbez.home/depot/bez.home (0,1,2))
1 425 605 360 540 385 565 310 490 125 305 150 330 135 315 240 360 30 1 2 -1
2 450 630 335 515 215 395 170 350 205 385 220 400 40 220 240 360 30 2 0 -1
3 35 275 20 260 300 540 75 315 95 335 110 350 415 655 240 360 30 3 2 -1
4 345 645 150 450 60 360 340 640 255 555 360 660 230 530 240 360 30 4 1 -1
5 15 195 65 245 520 700 220 400 455 635 350 530 0 180 240 360 30 5 2 -1
6 165 465 350 650 310 610 75 375 215 515 365 665 10 310 240 360 30 6 0 -1

jobs: nr, include, exclude, qual, language(4), pref,  duration, a, b, asoft, bsoft, ident, freq, Mo, Di, Mi, Do, Fr, Sa, So, ltl, utl
1 0 0 2 0 1 0 1 4 40 600 720 655 715 1 6 1 1 1 1 0 1 1 1 2
2 0 2 2 0 1 1 1 0 72 600 720 650 710 2 7 1 1 1 1 1 1 1 1 1
3 0 3 1 1 1 1 0 6 40 120 240 165 225 3 4 1 1 0 0 0 1 1 1 3
4 0 2 1 1 0 0 1 4 76 600 720 650 710 4 5 1 0 1 1 1 0 1 1 2
5 0 3 1 1 1 0 0 0 61 0 120 0 60 5 6 1 0 1 1 1 1 1 1 2
6 0 2 2 0 1 1 1 1 47 480 600 490 550 6 7 1 1 1 1 1 1 1 1 1
7 0 0 3 1 1 1 1 2 33 0 120 45 105 7 3 0 1 0 0 1 0 1 1 4
8 0 2 1 1 1 1 1 6 38 120 240 145 205 8 4 0 1 1 0 1 0 1 1 3
9 0 0 2 1 1 0 1 1 44 360 480 410 470 9 6 1 1 1 1 1 1 0 1 2
10 0 3 1 1 1 0 0 5 59 360 480 385 445 10 6 1 1 1 1 1 1 0 1 2
11 0 1 3 0 1 0 1 2 14 0 120 40 100 11 2 1 0 0 0 1 0 0 2 5
12 0 1 2 1 0 1 0 4 43 600 720 600 660 12 6 1 1 1 1 1 1 0 1 2
13 0 0 3 1 0 0 1 1 52 360 480 410 470 13 4 1 1 1 0 1 0 0 1 3
14 0 1 3 1 1 1 1 0 25 120 240 165 225 14 2 0 1 1 0 0 0 0 2 5
15 0 3 1 1 0 0 1 0 56 360 480 415 475 15 2 0 0 1 0 1 0 0 2 5
16 0 2 1 0 1 0 0 5 20 0 120 35 95 16 1 0 0 0 1 0 0 0 6 6
17 0 2 1 0 1 1 0 5 48 480 600 525 585 17 5 1 0 1 1 1 1 0 1 2
18 0 3 1 1 0 0 1 4 68 0 120 35 95 18 4 1 0 1 1 1 0 0 1 3
19 0 3 2 1 0 0 0 4 53 600 720 635 695 19 5 0 1 1 1 1 0 1 1 2
20 0 0 2 1 1 0 1 3 37 120 240 120 180 20 5 1 1 1 0 1 0 1 1 2
21 0 4 1 0 1 0 1 0 52 240 360 280 340 21 7 1 1 1 1 1 1 1 1 1
22 0 0 3 1 0 1 1 1 26 240 360 300 360 22 1 0 0 0 0 0 1 0 6 6
23 0 0 2 0 0 0 1 1 49 360 480 380 440 23 1 0 0 0 0 1 0 0 6 6
24 0 2 2 1 0 0 1 3 52 240 360 275 335 24 1 0 0 1 0 0 0 0 6 6
25 0 3 2 0 0 1 1 4 48 480 600 530 590 25 7 1 1 1 1 1 1 1 1 1
26 0 0 3 1 1 0 1 0 17 600 720 600 660 26 7 1 1 1 1 1 1 1 1 1
27 0 0 3 0 0 1 0 2 20 240 360 285 345 27 6 1 1 1 1 1 0 1 1 2
28 0 0 3 1 1 1 0 2 26 480 600 510 570 28 2 0 0 0 1 0 1 0 2 5
29 0 1 3 1 1 1 0 0 22 120 240 145 205 29 1 0 0 0 1 0 0 0 6 6
30 0 0 3 1 1 0 1 0 39 600 720 650 710 30 1 0 0 1 0 0 0 0 6 6

dist
0 34 36 41 32 45 36 24 21 18 38 59 18 39 11 38 19 51 63 18 36 1 50 19 27 35 55 46 43 48 50 34 8 32 28 38 16 
34 0 28 28 22 23 21 10 22 25 13 24 20 5 25 6 25 18 28 21 10 34 16 16 30 22 21 15 20 17 19 13 30 20 8 16 26 
36 28 0 55 6 51 8 27 15 41 18 41 36 32 36 34 17 44 47 38 19 36 33 23 9 48 41 42 16 44 46 40 28 8 22 15 20 
41 28 55 0 48 10 48 27 43 23 41 43 24 27 30 25 45 28 43 23 38 40 38 34 53 6 38 23 48 23 24 14 42 47 32 44 43 
32 22 6 48 0 45 5 21 11 35 13 38 30 27 30 28 13 39 43 31 14 32 29 17 9 42 37 37 14 39 41 34 24 2 16 11 16 
45 23 51 10 45 0 44 26 42 28 36 33 27 20 33 18 45 18 33 26 33 44 30 34 51 10 28 13 42 13 14 12 44 43 29 39 44 
36 21 8 48 5 44 0 22 15 37 10 33 32 25 33 26 18 36 39 34 11 36 25 19 14 42 33 35 9 37 38 34 28 4 16 7 20 
24 10 27 27 21 26 22 0 16 17 18 34 12 14 16 14 19 26 38 13 15 24 25 8 25 21 31 22 24 24 26 14 20 19 6 19 18 
21 22 15 43 11 42 15 16 0 26 19 43 21 27 20 28 3 40 48 23 18 21 34 8 10 36 41 37 23 39 41 30 13 11 14 18 5 
18 25 41 23 35 28 37 17 26 0 35 49 5 28 7 27 26 38 51 4 32 17 41 18 36 18 45 32 41 34 36 19 20 34 23 36 24 
38 13 18 41 13 36 10 18 19 35 0 24 30 16 33 18 23 26 30 31 3 38 15 19 22 35 23 25 6 27 29 27 31 11 12 3 25 
59 24 41 43 38 33 33 34 43 49 24 0 45 20 50 22 47 15 6 45 25 58 9 40 47 40 5 20 25 20 19 32 53 36 31 26 48 
18 20 36 24 30 27 32 12 21 5 30 45 0 24 6 23 23 34 48 1 27 17 37 13 31 18 41 29 36 31 33 16 18 29 18 31 20 
39 5 32 27 27 20 25 14 27 28 16 20 24 0 30 2 31 12 23 25 13 38 13 21 35 22 16 10 22 12 14 13 35 25 13 19 31 
11 25 36 30 30 33 33 16 20 7 33 50 6 30 0 29 20 41 53 7 30 10 42 14 30 24 46 36 39 37 39 23 13 30 21 34 17 
38 6 34 25 28 18 26 14 28 27 18 22 23 2 29 0 31 12 24 23 15 38 15 21 36 19 17 9 24 11 13 11 34 26 14 21 31 
19 25 17 45 13 45 18 19 3 26 23 47 23 31 20 31 0 43 52 24 22 19 38 11 9 38 45 40 26 42 44 33 11 13 17 22 3 
51 18 44 28 39 18 36 26 40 38 26 15 34 12 41 12 43 0 15 34 25 50 14 34 47 25 10 5 30 5 4 19 47 37 26 29 44 
63 28 47 43 43 33 39 38 48 51 30 6 48 23 53 24 52 15 0 48 30 62 14 44 52 40 7 20 31 20 19 33 58 41 35 32 53 
18 21 38 23 31 26 34 13 23 4 31 45 1 25 7 23 24 34 48 0 28 17 37 15 33 17 41 29 37 31 33 16 19 30 19 32 21 
36 10 19 38 14 33 11 15 18 32 3 25 27 13 30 15 22 25 30 28 0 35 16 17 22 32 23 23 9 25 27 24 29 12 9 5 23 
1 34 36 40 32 44 36 24 21 17 38 58 17 38 10 38 19 50 62 17 35 0 49 18 28 34 55 45 43 47 49 33 8 32 27 38 16 
50 16 33 38 29 30 25 25 34 41 15 9 37 13 42 15 38 14 14 37 16 49 0 31 38 34 8 16 18 17 18 26 44 27 22 18 39 
19 16 23 34 17 34 19 8 8 18 19 40 13 21 14 21 11 34 44 15 17 18 31 0 18 27 37 30 25 32 34 22 13 16 9 20 10 
27 30 9 53 9 51 14 25 10 36 22 47 31 35 30 36 9 47 52 33 22 28 38 18 0 46 46 45 23 47 49 39 19 11 22 20 12 
35 22 48 6 42 10 42 21 36 18 35 40 18 22 24 19 38 25 40 17 32 34 34 27 46 0 35 20 42 20 22 8 36 40 26 38 37 
55 21 41 38 37 28 33 31 41 45 23 5 41 16 46 17 45 10 7 41 23 55 8 37 46 35 0 15 26 15 14 27 50 35 28 26 46 
46 15 42 23 37 13 35 22 37 32 25 20 29 10 36 9 40 5 20 29 23 45 16 30 45 20 15 0 30 2 4 13 43 35 23 28 40 
43 20 16 48 14 42 9 24 23 41 6 25 36 22 39 24 26 30 31 37 9 43 18 25 23 42 26 30 0 32 34 33 36 12 18 5 28 
48 17 44 23 39 13 37 24 39 34 27 20 31 12 37 11 42 5 20 31 25 47 17 32 47 20 15 2 32 0 2 15 45 37 25 30 42 
50 19 46 24 41 14 38 26 41 36 29 19 33 14 39 13 44 4 19 33 27 49 18 34 49 22 14 4 34 2 0 17 47 39 27 32 44 
34 13 40 14 34 12 34 14 30 19 27 32 16 13 23 11 33 19 33 16 24 33 26 22 39 8 27 13 33 15 17 0 32 32 18 29 32 
8 30 28 42 24 44 28 20 13 20 31 53 18 35 13 34 11 47 58 19 29 8 44 13 19 36 50 43 36 45 47 32 0 24 22 31 8 
32 20 8 47 2 43 4 19 11 34 11 36 29 25 30 26 13 37 41 30 12 32 27 16 11 40 35 35 12 37 39 32 24 0 14 9 16 
28 8 22 32 16 29 16 6 14 23 12 31 18 13 21 14 17 26 35 19 9 27 22 9 22 26 28 23 18 25 27 18 22 14 0 13 17 
38 16 15 44 11 39 7 19 18 36 3 26 31 19 34 21 22 29 32 32 5 38 18 20 20 38 26 28 5 30 32 29 31 9 13 0 24 
16 26 20 43 16 44 20 18 5 24 25 48 20 31 17 31 3 44 53 21 23 16 39 10 12 37 46 40 28 42 44 32 8 16 17 24 0 
