Name: 
Comment: 1337170258 1337170258 Job 10 Pflegekraft 2 erlaubt, 34 Sprache 2 und 3 fähig, Pflegekräfte mit Qual 2 mehr Sprachen
Type: s 
Nurses:9
Workers: 9
Clients: 45
Jobs: 45
Dkws: 0
Related: 0
Synchron: 0

nurses qualification: nr, exclude, qual, language (4), usual shift length, extra 
1 0 3 1 0 1 1 180 1
2 0 3 0 1 0 1 180 1
3 0 3 0 1 1 1 420 1
4 0 2 0 1 0 1 480 1
5 0 2 0 0 1 1 360 1
6 0 2 1 1 1 0 420 1
7 0 1 1 1 1 1 240 1
8 0 1 0 0 1 0 180 1
9 0 1 0 1 0 0 300 1

workers: nr, anurse(7) + bnurse(7), abreak, bbreak, pause, ident, start (unbez.home/depot/bez.home (0,1,2))
1 265 800 95 275 70 250 185 365 305 485 385 565 130 310 240 360 30 1 2 -1
2 10 395 475 655 515 695 370 550 315 495 110 290 55 235 240 360 30 2 1 -1
3 125 545 5 425 185 605 0 420 245 665 240 660 25 445 240 360 30 3 0 -1
4 60 540 70 550 205 685 210 690 30 510 210 690 200 680 240 360 30 4 1 -1
5 45 405 145 505 150 510 155 515 345 705 350 710 270 630 240 360 30 5 1 -1
6 115 535 80 500 150 570 60 480 175 595 135 555 210 630 240 360 30 6 0 -1
7 365 605 195 435 315 555 50 290 130 370 240 480 165 405 240 360 30 7 1 -1
8 65 245 200 380 285 465 305 485 475 655 55 235 0 180 240 360 30 8 0 -1
9 30 330 120 420 0 300 325 625 65 365 80 380 135 435 240 360 30 9 0 -1

jobs: nr, include, exclude, qual, language(4), pref,  duration, a, b, asoft, bsoft, ident, freq, Mo, Di, Mi, Do, Fr, Sa, So, ltl, utl
1 0 0 2 1 1 1 1 2 19 240 360 290 350 1 3 0 0 1 1 0 0 1 1 4
2 0 0 1 1 1 1 1 9 53 0 120 50 110 2 4 1 1 1 0 0 0 1 1 3
3 0 0 3 1 1 1 1 0 18 480 600 490 550 3 2 0 0 0 0 0 1 1 2 5
4 0 0 2 1 1 1 1 6 49 120 240 170 230 4 4 1 1 0 1 1 0 0 1 3
5 0 0 1 1 1 1 1 0 64 120 240 175 235 5 5 1 0 1 1 1 0 1 1 2
6 0 0 2 1 1 1 1 3 38 360 480 375 435 6 5 1 1 1 0 1 0 1 1 2
7 0 0 3 1 1 1 1 0 21 600 720 645 705 7 6 1 1 1 0 1 1 1 1 2
8 0 0 2 1 1 1 1 3 80 240 360 250 310 8 7 1 1 1 1 1 1 1 1 1
9 0 0 3 1 1 1 1 2 13 480 600 520 580 9 2 0 0 1 0 0 1 0 2 5
10 0 0 3 1 1 1 1 1 44 0 120 40 100 10 7 1 1 1 1 1 1 1 1 1
11 0 0 2 1 1 1 1 5 41 0 120 50 110 11 1 0 0 0 1 0 0 0 6 6
12 0 0 1 1 1 1 1 0 41 360 480 370 430 12 2 1 1 0 0 0 0 0 2 5
13 0 0 2 1 1 1 1 6 47 480 600 515 575 13 5 0 1 1 1 1 1 0 1 2
14 0 0 3 1 1 1 1 0 5 240 360 250 310 14 5 1 0 0 1 1 1 1 1 2
15 0 0 2 1 1 1 1 1 47 240 360 260 320 15 3 0 1 1 1 0 0 0 1 4
16 0 0 3 1 1 1 1 3 19 600 720 630 690 16 2 0 0 0 1 0 1 0 2 5
17 0 0 2 1 1 1 1 1 18 480 600 520 580 17 2 0 0 1 0 0 1 0 2 5
18 0 0 2 1 1 1 1 1 45 240 360 245 305 18 5 1 1 0 1 1 1 0 1 2
19 0 0 2 1 1 1 1 5 38 360 480 385 445 19 4 1 1 1 0 1 0 0 1 3
20 0 0 2 1 1 1 1 2 36 600 720 640 700 20 6 0 1 1 1 1 1 1 1 2
21 0 0 2 1 1 1 1 1 34 240 360 265 325 21 7 1 1 1 1 1 1 1 1 1
22 0 0 1 1 1 1 1 0 32 480 600 505 565 22 1 0 0 0 0 0 0 1 6 6
23 0 0 1 1 1 1 1 7 49 360 480 375 435 23 3 0 1 1 0 1 0 0 1 4
24 0 0 1 1 1 1 1 4 79 600 720 625 685 24 2 0 1 0 0 0 1 0 2 5
25 0 0 2 1 1 1 1 2 5 240 360 270 330 25 1 0 0 1 0 0 0 0 6 6
26 0 0 2 1 1 1 1 5 32 0 120 0 60 26 1 0 0 1 0 0 0 0 6 6
27 0 0 1 1 1 1 1 7 55 0 120 0 60 27 4 0 0 0 1 1 1 1 1 3
28 0 0 2 1 1 1 1 2 40 480 600 495 555 28 1 0 0 0 1 0 0 0 6 6
29 0 0 3 1 1 1 1 2 48 240 360 265 325 29 3 0 0 0 1 1 0 1 1 4
30 0 0 3 1 1 1 1 1 33 600 720 630 690 30 1 0 0 0 1 0 0 0 6 6
31 0 0 3 1 1 1 1 0 34 480 600 535 595 31 7 1 1 1 1 1 1 1 1 1
32 0 0 3 1 1 1 1 2 14 480 600 515 575 32 6 1 1 1 1 1 0 1 1 2
33 0 0 3 1 1 1 1 0 21 240 360 280 340 33 7 1 1 1 1 1 1 1 1 1
34 0 0 1 1 1 1 1 7 47 240 360 255 315 34 6 0 1 1 1 1 1 1 1 2
35 0 0 3 1 1 1 1 0 28 120 240 130 190 35 1 0 0 0 1 0 0 0 6 6
36 0 0 1 1 1 1 1 7 86 480 600 515 575 36 7 1 1 1 1 1 1 1 1 1
37 0 0 1 1 1 1 1 4 35 360 480 370 430 37 4 0 0 1 1 1 0 1 1 3
38 0 0 3 1 1 1 1 1 8 600 720 640 700 38 1 1 0 0 0 0 0 0 6 6
39 0 0 1 1 1 1 1 0 48 240 360 270 330 39 5 1 1 0 0 1 1 1 1 2
40 0 0 3 1 1 1 1 1 25 0 120 20 80 40 6 1 0 1 1 1 1 1 1 2
41 0 0 3 1 1 1 1 0 24 0 120 55 115 41 3 0 1 0 0 1 1 0 1 4
42 0 0 1 1 1 1 1 8 52 360 480 370 430 42 3 1 1 0 0 0 0 1 1 4
43 0 0 1 1 1 1 1 0 40 480 600 505 565 43 7 1 1 1 1 1 1 1 1 1
44 0 0 1 1 1 1 1 0 36 0 120 25 85 44 3 1 1 0 0 0 0 1 1 4
45 0 0 1 1 1 1 1 0 66 600 720 655 715 45 3 0 0 1 0 0 1 1 1 4

dist
0 11 55 13 13 50 22 35 15 41 32 18 11 39 55 8 36 47 20 44 23 48 29 17 6 15 22 26 22 51 36 56 55 27 10 35 9 43 6 37 37 8 46 4 53 35 38 15 37 3 41 34 24 11 17 
11 0 44 16 2 41 12 26 11 36 21 8 0 33 44 9 27 37 21 33 14 40 22 7 15 11 20 17 13 40 33 46 45 17 5 31 12 33 8 26 35 6 35 7 42 25 30 18 29 11 30 28 19 9 13 
55 44 0 49 42 10 42 44 50 30 23 36 44 29 0 53 44 8 48 20 32 17 28 42 56 42 42 44 33 12 40 3 1 27 48 36 50 12 49 20 43 47 20 51 2 32 20 49 23 56 20 27 37 45 40 
13 16 49 0 16 43 28 42 26 30 30 18 16 28 49 20 43 41 7 44 18 39 22 23 9 8 9 34 17 49 23 50 50 24 19 22 4 37 9 36 24 10 46 14 48 39 30 2 28 17 40 25 13 7 9 
13 2 42 16 0 38 12 26 12 34 19 5 2 31 42 11 27 35 21 31 12 38 20 7 16 10 19 18 11 38 31 43 43 15 7 29 13 31 9 24 34 7 33 9 40 24 27 17 27 13 28 26 18 8 11 
50 41 10 43 38 0 41 46 48 20 21 33 41 19 10 50 46 5 40 25 27 7 21 40 50 36 35 45 28 19 30 8 11 24 45 26 44 9 44 22 33 42 26 47 9 34 12 42 15 51 23 19 30 39 33 
22 12 42 28 12 41 0 13 9 42 20 13 12 39 42 14 14 36 33 26 20 43 27 5 27 22 31 5 19 35 42 44 42 18 12 39 25 32 20 21 45 18 27 18 39 14 33 30 33 20 23 33 29 21 23 
35 26 44 42 26 46 13 0 20 52 26 26 26 49 44 27 1 41 47 24 31 50 38 19 40 36 44 9 31 33 54 47 44 27 25 51 39 37 34 24 57 32 25 31 42 12 41 44 42 33 24 44 41 35 36 
15 11 50 26 12 48 9 20 0 46 27 17 11 43 50 7 21 44 32 35 24 49 32 8 21 22 31 11 23 44 44 52 51 24 7 42 22 40 17 30 46 16 36 12 48 23 39 28 39 13 32 38 31 20 24 
41 36 30 30 34 20 42 52 46 0 26 29 36 3 30 45 53 22 25 38 22 13 14 39 39 26 21 47 23 37 11 28 31 25 41 8 33 21 35 31 13 34 39 40 29 42 12 29 9 44 35 8 17 30 24 
32 21 23 30 19 21 20 26 27 26 0 14 21 23 23 30 27 16 31 15 12 23 13 19 34 21 26 24 12 19 30 24 23 5 25 26 29 12 27 7 34 25 17 29 20 16 14 30 16 33 11 18 21 24 20 
18 8 36 18 5 33 13 26 17 29 14 0 8 26 36 17 27 29 21 27 7 32 15 9 20 10 18 19 6 33 28 38 37 9 12 25 16 25 13 19 31 11 29 14 34 21 22 19 22 19 23 21 15 11 10 
11 0 44 16 2 41 12 26 11 36 21 8 0 33 44 9 27 37 21 33 14 40 22 7 15 11 20 17 13 40 33 46 45 17 5 31 12 33 8 26 35 6 35 7 42 25 30 18 29 11 30 28 19 9 13 
39 33 29 28 31 19 39 49 43 3 23 26 33 0 29 42 49 21 23 35 19 13 11 35 36 23 18 44 20 35 11 27 30 21 38 7 31 19 32 29 14 31 37 37 28 39 9 26 7 41 32 5 14 27 21 
55 44 0 49 42 10 42 44 50 30 23 36 44 29 0 53 44 8 48 20 32 17 28 42 56 42 42 44 33 12 40 3 1 27 48 36 50 12 49 20 43 47 20 51 2 32 20 49 23 56 20 27 37 45 40 
8 9 53 20 11 50 14 27 7 45 30 17 9 42 53 0 28 46 27 40 23 49 31 11 15 19 27 18 22 48 41 54 53 25 4 39 16 42 11 33 43 11 41 6 51 29 39 23 38 6 36 37 28 15 21 
36 27 44 43 27 46 14 1 21 53 27 27 27 49 44 28 0 41 48 24 32 50 38 20 41 37 45 10 31 33 55 47 44 28 26 51 40 37 35 24 57 33 24 32 42 12 42 45 43 34 24 44 42 36 37 
47 37 8 41 35 5 36 41 44 22 16 29 37 21 8 46 41 0 39 19 24 11 19 36 48 34 34 40 25 15 32 8 9 20 42 28 42 4 41 17 35 39 20 44 7 29 12 41 15 48 18 19 29 37 32 
20 21 48 7 21 40 33 47 32 25 31 21 21 23 48 27 48 39 0 46 19 36 20 28 16 11 5 39 19 49 16 47 49 26 25 17 11 36 16 38 17 16 48 21 46 42 27 5 25 24 42 21 10 12 11 
44 33 20 44 31 25 26 24 35 38 15 27 33 35 20 40 24 19 46 0 27 30 27 28 47 36 41 26 27 9 44 23 20 20 36 40 43 17 40 8 48 38 2 40 18 13 26 45 28 44 4 31 36 38 35 
23 14 32 18 12 27 20 31 24 22 12 7 14 19 32 23 32 24 19 27 0 26 8 16 23 9 14 25 1 31 22 33 33 7 19 19 18 20 17 19 25 15 29 20 30 24 15 18 15 24 23 14 10 12 8 
48 40 17 39 38 7 43 50 49 13 23 32 40 13 17 49 50 11 36 30 26 0 18 41 47 33 31 47 27 26 24 15 18 25 45 21 41 13 42 26 26 40 31 46 17 38 10 38 11 50 28 14 26 37 31 
29 22 28 22 20 21 27 38 32 14 13 15 22 11 28 31 38 19 20 27 8 18 0 24 29 15 14 32 9 30 17 28 29 10 27 13 23 16 23 20 20 21 29 27 26 29 8 21 7 31 24 6 9 18 12 
17 7 42 23 7 40 5 19 8 39 19 9 7 35 42 11 20 36 28 28 16 41 24 0 22 17 26 10 15 36 38 44 43 16 7 35 19 31 15 22 40 13 30 13 40 18 31 25 31 16 25 30 24 16 18 
6 15 56 9 16 50 27 40 21 39 34 20 15 36 56 15 41 48 16 47 23 47 29 22 0 14 18 31 22 54 32 56 56 29 15 31 5 43 7 40 33 9 49 9 54 40 37 11 36 9 44 33 21 10 16 
15 11 42 8 10 36 22 36 22 26 21 10 11 23 42 19 37 34 11 36 9 33 15 17 14 0 8 28 9 41 21 42 43 16 16 20 8 30 9 28 23 8 38 14 40 31 23 9 21 18 32 19 9 4 2 
22 20 42 9 19 35 31 44 31 21 26 18 20 18 42 27 45 34 5 41 14 31 14 26 18 8 0 36 14 44 14 42 43 21 24 13 13 31 16 33 15 15 43 21 41 38 22 8 20 25 37 16 5 11 7 
26 17 44 34 18 45 5 9 11 47 24 19 17 44 44 18 10 40 39 26 25 47 32 10 31 28 36 0 24 36 48 47 44 22 16 44 30 36 25 23 50 24 28 22 42 14 37 35 38 24 25 39 34 26 29 
22 13 33 17 11 28 19 31 23 23 12 6 13 20 33 22 31 25 19 27 1 27 9 15 22 9 14 24 0 31 23 33 34 7 18 20 17 21 16 19 26 14 29 19 31 24 16 18 16 23 23 15 10 12 8 
51 40 12 49 38 19 35 33 44 37 19 33 40 35 12 48 33 15 49 9 31 26 30 36 54 41 44 36 31 0 45 15 11 25 43 41 49 15 47 14 48 44 9 48 10 22 25 50 28 52 11 32 39 43 39 
36 33 40 23 31 30 42 54 44 11 30 28 33 11 40 41 55 32 16 44 22 24 17 38 32 21 14 48 23 45 0 38 41 27 37 4 27 30 30 37 3 29 46 35 39 46 20 21 17 39 41 13 13 25 20 
56 46 3 50 43 8 44 47 52 28 24 38 46 27 3 54 47 8 47 23 33 15 28 44 56 42 42 47 33 15 38 0 4 28 50 34 50 12 50 23 41 48 23 52 5 35 20 49 22 57 23 26 37 45 40 
55 45 1 50 43 11 42 44 51 31 23 37 45 30 1 53 44 9 49 20 33 18 29 43 56 43 43 44 34 11 41 4 0 28 49 37 51 13 50 21 44 48 20 52 2 32 21 50 24 56 20 28 38 46 41 
27 17 27 24 15 24 18 27 24 25 5 9 17 21 27 25 28 20 26 20 7 25 10 16 29 16 21 22 7 25 27 28 28 0 21 24 24 16 22 12 30 20 22 24 25 18 15 25 15 28 16 16 16 18 15 
10 5 48 19 7 45 12 25 7 41 25 12 5 38 48 4 26 42 25 36 19 45 27 7 15 16 24 16 18 43 37 50 49 21 0 35 15 37 10 29 39 9 37 6 46 26 34 21 34 8 32 33 24 13 17 
35 31 36 22 29 26 39 51 42 8 26 25 31 7 36 39 51 28 17 40 19 21 13 35 31 20 13 44 20 41 4 34 37 24 35 0 26 26 29 33 7 28 42 34 35 42 16 21 13 38 37 9 11 24 18 
9 12 50 4 13 44 25 39 22 33 29 16 12 31 50 16 40 42 11 43 18 41 23 19 5 8 13 30 17 49 27 50 51 24 15 26 0 38 5 35 28 6 45 10 48 37 32 6 30 12 39 27 16 5 10 
43 33 12 37 31 9 32 37 40 21 12 25 33 19 12 42 37 4 36 17 20 13 16 31 43 30 31 36 21 15 30 12 13 16 37 26 38 0 37 13 33 35 19 40 10 25 10 37 13 44 15 17 25 33 28 
6 8 49 9 9 44 20 34 17 35 27 13 8 32 49 11 35 41 16 40 17 42 23 15 7 9 16 25 16 47 30 50 50 22 10 29 5 37 0 33 31 2 42 5 47 33 32 11 30 9 36 28 18 5 11 
37 26 20 36 24 22 21 24 30 31 7 19 26 29 20 33 24 17 38 8 19 26 20 22 40 28 33 23 19 14 37 23 21 12 29 33 35 13 33 0 40 30 10 33 18 12 19 37 22 37 4 24 28 30 27 
37 35 43 24 34 33 45 57 46 13 34 31 35 14 43 43 57 35 17 48 25 26 20 40 33 23 15 50 26 48 3 41 44 30 39 7 28 33 31 40 0 31 49 37 42 49 23 22 20 40 44 16 15 27 22 
8 6 47 10 7 42 18 32 16 34 25 11 6 31 47 11 33 39 16 38 15 40 21 13 9 8 15 24 14 44 29 48 48 20 9 28 6 35 2 30 31 0 40 6 45 31 30 12 29 10 34 26 17 4 10 
46 35 20 46 33 26 27 25 36 39 17 29 35 37 20 41 24 20 48 2 29 31 29 30 49 38 43 28 29 9 46 23 20 22 37 42 45 19 42 10 49 40 0 42 18 13 27 47 30 46 6 33 38 40 37 
4 7 51 14 9 47 18 31 12 40 29 14 7 37 51 6 32 44 21 40 20 46 27 13 9 14 21 22 19 48 35 52 52 24 6 34 10 40 5 33 37 6 42 0 49 31 35 16 34 4 37 32 23 10 16 
53 42 2 48 40 9 39 42 48 29 20 34 42 28 2 51 42 7 46 18 30 17 26 40 54 40 41 42 31 10 39 5 2 25 46 35 48 10 47 18 42 45 18 49 0 30 19 47 22 53 18 26 35 43 38 
35 25 32 39 24 34 14 12 23 42 16 21 25 39 32 29 12 29 42 13 24 38 29 18 40 31 38 14 24 22 46 35 32 18 26 42 37 25 33 12 49 31 13 31 30 0 31 40 32 34 12 34 34 32 31 
38 30 20 30 27 12 33 41 39 12 14 22 30 9 20 39 42 12 27 26 15 10 8 31 37 23 22 37 16 25 20 20 21 15 34 16 32 10 32 19 23 30 27 35 19 31 0 29 3 40 22 7 17 27 21 
15 18 49 2 17 42 30 44 28 29 30 19 18 26 49 23 45 41 5 45 18 38 21 25 11 9 8 35 18 50 21 49 50 25 21 21 6 37 11 37 22 12 47 16 47 40 29 0 27 19 41 24 12 8 10 
37 29 23 28 27 15 33 42 39 9 16 22 29 7 23 38 43 15 25 28 15 11 7 31 36 21 20 38 16 28 17 22 24 15 34 13 30 13 30 22 20 29 30 34 22 32 3 27 0 39 25 4 14 25 19 
3 11 56 17 13 51 20 33 13 44 33 19 11 41 56 6 34 48 24 44 24 50 31 16 9 18 25 24 23 52 39 57 56 28 8 38 12 44 9 37 40 10 46 4 53 34 40 19 39 0 41 37 27 14 20 
41 30 20 40 28 23 23 24 32 35 11 23 30 32 20 36 24 18 42 4 23 28 24 25 44 32 37 25 23 11 41 23 20 16 32 37 39 15 36 4 44 34 6 37 18 12 22 41 25 41 0 28 32 34 31 
34 28 27 25 26 19 33 44 38 8 18 21 28 5 27 37 44 19 21 31 14 14 6 30 33 19 16 39 15 32 13 26 28 16 33 9 27 17 28 24 16 26 33 32 26 34 7 24 4 37 28 0 11 23 17 
24 19 37 13 18 30 29 41 31 17 21 15 19 14 37 28 42 29 10 36 10 26 9 24 21 9 5 34 10 39 13 37 38 16 24 11 16 25 18 28 15 17 38 23 35 34 17 12 14 27 32 11 0 13 7 
11 9 45 7 8 39 21 35 20 30 24 11 9 27 45 15 36 37 12 38 12 37 18 16 10 4 11 26 12 43 25 45 46 18 13 24 5 33 5 30 27 4 40 10 43 32 27 8 25 14 34 23 13 0 6 
17 13 40 9 11 33 23 36 24 24 20 10 13 21 40 21 37 32 11 35 8 31 12 18 16 2 7 29 8 39 20 40 41 15 17 18 10 28 11 27 22 10 37 16 38 31 21 10 19 20 31 17 7 6 0 
