Name: 14 wird von Pf. 7 und Pf. 9 nicht ausgeschlossen
Comment: 1354292949 1354292950
Type: s 
Nurses:9
Workers: 9
Clients: 45
Jobs: 45
Dkws: 0 
Related: 0 
Synchron: 0 

nurses qualification: nr, exclude, qual, language (4), usual shift length, extra 
1 2 3 1 1 0 0 360 1
2 18 3 0 0 0 1 360 1
3 2 3 1 1 1 1 240 1
4 33 2 1 0 0 1 240 1
5 9 2 1 0 1 0 180 1
6 33 2 0 1 1 0 360 1
7 0 1 0 0 1 1 420 1
8 25 1 1 0 0 0 240 1
9 0 1 0 1 0 1 480 1

workers: nr, anurse(7) + bnurse(7), abreak, bbreak, pause, ident, start (unbez.home/depot/bez.home (0,1,2))
1 205 565 200 560 215 575 10 370 30 390 135 495 295 655 240 360 30 1 2 -1
2 165 525 335 695 335 695 345 705 280 640 70 430 290 650 240 360 30 2 0 -1
3 135 375 360 600 210 450 195 435 370 610 55 295 365 605 240 360 30 3 1 -1
4 155 395 175 415 75 315 30 270 445 685 395 635 220 460 240 360 30 4 2 -1
5 95 275 265 445 365 545 490 670 420 600 145 325 340 520 240 360 30 5 0 -1
6 340 700 130 490 230 590 360 720 110 470 45 405 145 505 240 360 30 6 2 -1
7 190 610 170 590 80 500 230 650 270 690 280 700 280 700 240 360 30 7 0 -1
8 365 605 240 480 0 240 35 275 220 460 425 665 55 295 240 360 30 8 2 -1
9 205 685 90 570 85 565 165 645 140 620 25 505 120 600 240 360 30 9 0 -1

jobs: nr, include, exclude, qual, language(4), pref,  duration, a, b, asoft, bsoft, ident, freq, Mo, Di, Mi, Do, Fr, Sa, So, ltl, utl
1 0 0 3 0 1 0 0 1 24 480 600 520 580 1 7 1 1 1 1 1 1 1 1 1
2 0 5 1 1 0 1 0 0 50 360 480 360 420 2 4 0 1 0 1 1 0 1 1 3
3 0 5 2 1 1 1 0 0 59 120 240 175 235 3 7 1 1 1 1 1 1 1 1 1
4 0 0 3 1 0 0 0 3 25 600 720 625 685 4 3 0 0 1 1 0 1 0 1 4
5 0 1 3 0 0 1 1 2 40 240 360 280 340 5 4 1 0 1 1 1 0 0 1 3
6 0 0 3 0 0 1 0 3 8 480 600 490 550 6 3 1 0 0 0 1 1 0 1 4
7 0 6 1 0 0 1 1 7 22 600 720 645 705 7 6 1 1 1 1 1 1 0 1 2
8 0 2 3 0 1 0 0 3 20 480 600 525 585 8 1 0 1 0 0 0 0 0 6 6
9 0 2 3 1 0 1 0 1 7 120 240 125 185 9 7 1 1 1 1 1 1 1 1 1
10 0 0 2 0 1 1 0 1 31 120 240 130 190 10 2 0 0 0 1 1 0 0 2 5
11 0 1 3 1 1 1 1 3 5 0 120 0 60 11 2 1 0 0 0 1 0 0 2 5
12 0 8 1 1 0 0 1 4 42 0 120 20 80 12 5 1 1 1 1 0 1 0 1 2
13 0 1 3 1 1 0 1 2 45 120 240 125 185 13 3 0 1 0 1 0 1 0 1 4
14 0 8 1 1 0 1 1 6 57 120 240 130 190 14 6 1 1 1 1 1 0 1 1 2
15 0 6 1 0 0 0 1 7 65 120 240 125 185 15 1 0 0 0 0 1 0 0 6 6
16 0 5 1 1 1 1 1 9 28 120 240 160 220 16 4 1 1 0 0 1 0 1 1 3
17 0 2 3 0 0 1 1 0 28 360 480 380 440 17 1 0 0 0 0 0 0 1 6 6
18 0 2 3 1 0 1 0 0 35 0 120 45 105 18 5 0 0 1 1 1 1 1 1 2
19 0 6 1 0 1 0 1 4 34 240 360 240 300 19 3 0 1 0 1 0 0 1 1 4
20 0 2 2 0 0 0 1 3 37 0 120 10 70 20 4 1 0 1 0 1 0 1 1 3
21 0 0 3 0 1 0 0 3 12 480 600 495 555 21 1 1 0 0 0 0 0 0 6 6
22 0 2 2 1 0 1 1 4 27 0 120 55 115 22 3 0 0 1 1 1 0 0 1 4
23 0 0 2 0 1 0 1 4 74 0 120 25 85 23 6 0 1 1 1 1 1 1 1 2
24 0 2 2 1 1 0 1 3 44 480 600 505 565 24 4 0 1 0 1 1 1 0 1 3
25 0 0 2 1 1 0 1 2 36 0 120 10 70 25 6 1 1 1 0 1 1 1 1 2
26 0 5 1 0 1 1 0 9 49 240 360 245 305 26 5 1 0 1 1 1 0 1 1 2
27 0 0 3 1 1 0 1 2 9 240 360 280 340 27 2 0 0 0 1 0 0 1 2 5
28 0 1 3 1 0 1 1 2 5 600 720 620 680 28 4 1 0 1 0 1 0 1 1 3
29 0 0 3 1 1 1 0 3 36 0 120 45 105 29 6 1 1 1 1 0 1 1 1 2
30 0 1 2 1 0 0 1 4 41 600 720 600 660 30 4 0 1 0 0 1 1 1 1 3
31 0 0 2 1 1 0 0 5 25 120 240 120 180 31 3 0 0 0 1 1 0 1 1 4
32 0 3 1 0 1 0 1 0 24 600 720 640 700 32 7 1 1 1 1 1 1 1 1 1
33 0 0 3 1 0 1 0 0 36 360 480 400 460 33 6 1 1 1 1 0 1 1 1 2
34 0 0 2 0 1 1 0 5 45 120 240 160 220 34 6 0 1 1 1 1 1 1 1 2
35 0 2 2 1 1 1 1 3 44 360 480 410 470 35 2 0 1 1 0 0 0 0 2 5
36 0 8 1 1 0 0 1 5 54 240 360 290 350 36 3 1 1 0 1 0 0 0 1 4
37 0 6 1 0 0 0 1 0 50 600 720 660 720 37 7 1 1 1 1 1 1 1 1 1
38 0 2 2 1 1 0 1 1 5 0 120 15 75 38 6 1 1 1 1 1 1 0 1 2
39 0 5 2 1 1 0 0 1 31 240 360 270 330 39 5 1 1 0 1 0 1 1 1 2
40 0 4 2 1 0 1 0 5 5 360 480 395 455 40 2 1 0 1 0 0 0 0 2 5
41 0 4 2 1 1 0 1 0 46 120 240 120 180 41 3 1 0 1 0 1 0 0 1 4
42 0 7 1 1 0 0 0 5 49 480 600 500 560 42 1 1 0 0 0 0 0 0 6 6
43 0 3 1 0 1 0 1 9 43 120 240 180 240 43 7 1 1 1 1 1 1 1 1 1
44 0 6 1 0 1 1 0 9 57 0 120 10 70 44 5 1 1 1 0 1 0 1 1 2
45 0 3 1 1 0 1 0 6 45 0 120 15 75 45 1 0 0 0 0 1 0 0 6 6

dist
0 16 13 15 13 10 23 24 4 38 23 28 3 18 13 20 33 9 24 17 26 17 26 26 5 18 11 19 19 17 36 17 28 18 21 27 18 4 17 27 19 34 23 8 17 18 16 12 15 25 17 12 19 18 17 
16 0 29 13 16 21 31 25 17 54 27 43 13 5 13 36 41 23 35 22 32 33 40 41 20 34 14 23 17 30 44 5 38 29 32 41 2 12 33 40 35 44 39 21 27 25 26 15 32 41 27 10 5 25 25 
13 29 0 23 19 17 28 26 15 27 24 15 16 30 26 15 27 13 24 18 23 13 13 22 12 11 19 28 25 18 30 28 21 21 22 24 31 17 7 18 14 27 16 9 15 18 15 19 2 12 22 25 31 19 16 
15 13 23 0 4 25 37 12 19 50 14 34 14 10 21 35 27 24 39 10 19 32 30 41 20 32 4 31 4 32 31 9 26 33 36 42 13 13 29 28 34 31 37 14 15 13 14 4 26 36 32 18 12 12 13 
13 16 19 4 0 23 36 11 17 46 12 29 13 14 22 32 24 22 37 6 16 29 26 38 18 28 2 30 6 30 27 13 22 31 34 40 17 12 25 24 31 27 34 10 11 9 10 1 22 32 30 19 16 8 9 
10 21 17 25 23 0 13 34 6 34 34 32 11 25 11 15 42 4 14 27 36 12 31 19 6 15 21 10 29 8 45 24 36 8 11 19 24 12 17 35 14 43 19 17 27 28 26 22 18 25 7 12 26 29 26 
23 31 28 37 36 13 0 47 18 36 47 41 23 36 18 18 55 15 8 40 48 17 41 18 19 21 33 9 41 10 57 35 48 6 7 15 33 24 25 46 18 55 22 30 39 41 39 35 28 31 5 21 36 42 39 
24 25 26 12 11 34 47 0 28 53 4 31 24 21 33 41 18 32 47 8 10 39 28 48 28 37 13 42 8 40 21 20 18 42 44 50 25 23 33 23 40 22 42 19 12 8 12 12 29 38 41 30 22 7 10 
4 17 15 19 17 6 18 28 0 37 28 30 5 20 11 18 37 5 20 21 30 15 28 24 3 17 15 14 23 13 40 19 32 14 17 24 19 6 17 31 17 38 21 12 21 23 21 16 17 25 13 10 21 23 21 
38 54 27 50 46 34 36 53 37 0 49 25 41 56 46 19 48 31 28 45 47 22 28 18 34 20 46 42 53 28 49 55 41 32 29 21 56 42 21 36 20 45 15 36 40 44 41 46 24 15 34 47 58 45 42 
23 27 24 14 12 34 47 4 28 49 0 27 24 24 34 39 14 31 46 6 6 37 24 46 27 35 14 42 11 39 17 23 14 41 43 48 27 24 31 18 38 18 40 17 9 6 9 13 26 34 41 31 25 5 8 
28 43 15 34 29 32 41 31 30 25 27 0 31 42 41 24 23 28 36 25 23 25 3 30 27 20 30 43 34 31 24 41 16 35 35 33 44 32 16 11 24 20 22 21 19 23 20 29 13 12 36 40 44 24 22 
3 13 16 14 13 11 23 24 5 41 24 31 0 15 11 23 35 10 25 17 27 20 29 29 7 21 10 18 18 18 38 14 30 19 22 29 15 1 20 30 22 36 26 10 19 19 18 11 18 28 18 9 17 19 18 
18 5 30 10 14 25 36 21 20 56 24 42 15 0 18 38 37 26 39 20 29 36 39 44 23 36 12 28 13 33 41 1 36 33 36 45 4 14 35 38 38 41 42 21 25 23 24 13 33 42 31 15 2 22 23 
13 13 26 21 22 11 18 33 11 46 34 41 11 18 0 26 46 14 23 28 38 24 39 31 14 26 19 10 26 19 49 17 41 17 20 30 15 10 27 41 26 47 30 21 30 30 29 21 28 35 15 3 18 30 29 
20 36 15 35 32 15 18 41 18 19 39 24 23 38 26 0 42 12 11 33 38 2 25 7 15 4 30 23 38 9 44 37 35 13 11 9 38 24 8 32 1 41 4 22 30 33 30 31 13 13 15 27 40 34 31 
33 41 27 27 24 42 55 18 37 48 14 23 35 37 46 42 0 39 52 18 8 41 20 49 36 38 27 52 25 45 3 37 7 48 50 52 41 35 33 12 41 5 42 25 15 15 16 26 28 34 49 43 39 16 16 
9 23 13 24 22 4 15 32 5 31 31 28 10 26 14 12 39 0 15 25 33 9 27 18 4 12 20 14 28 8 41 25 33 9 12 18 25 12 13 31 12 39 16 14 24 26 23 21 14 21 10 15 27 26 24 
24 35 24 39 37 14 8 47 20 28 46 36 25 39 23 11 52 15 0 39 47 11 36 10 19 15 35 16 43 7 54 38 45 6 3 7 38 26 19 42 12 51 14 28 38 40 37 36 24 25 8 25 40 41 38 
17 22 18 10 6 27 40 8 21 45 6 25 17 20 28 33 18 25 39 0 10 31 22 40 21 29 8 35 8 32 21 19 16 34 37 42 23 17 25 18 32 21 34 11 5 3 5 7 21 30 34 25 22 2 3 
26 32 23 19 16 36 48 10 30 47 6 23 27 29 38 38 8 33 47 10 0 37 20 45 29 34 19 45 17 40 11 28 8 42 44 48 33 27 30 13 37 12 39 18 8 7 9 17 25 32 43 35 31 8 9 
17 33 13 32 29 12 17 39 15 22 37 25 20 36 24 2 41 9 11 31 37 0 25 9 13 4 28 21 35 7 43 34 34 11 10 11 35 21 8 31 2 40 6 20 28 31 28 28 13 14 13 25 37 32 29 
26 40 13 30 26 31 41 28 28 28 24 3 29 39 39 25 20 27 36 22 20 25 0 31 25 21 27 42 31 31 21 38 13 35 35 34 41 30 16 8 24 17 24 19 16 19 17 26 13 14 36 38 41 21 18 
26 41 22 41 38 19 18 48 24 18 46 30 29 44 31 7 49 18 10 40 45 9 31 0 21 11 37 25 45 12 51 43 42 14 11 3 43 30 15 38 8 47 7 29 37 40 37 38 20 17 17 32 45 41 38 
5 20 12 20 18 6 19 28 3 34 27 27 7 23 14 15 36 4 19 21 29 13 25 21 0 14 16 16 24 12 38 21 30 13 16 22 22 8 13 29 15 36 19 10 20 22 20 17 14 22 13 13 24 22 20 
18 34 11 32 28 15 21 37 17 20 35 20 21 36 26 4 38 12 15 29 34 4 21 11 14 0 27 25 35 11 40 35 31 15 14 13 36 22 4 27 3 37 5 18 26 29 26 28 9 10 17 27 38 30 27 
11 14 19 4 2 21 33 13 15 46 14 30 10 12 19 30 27 20 35 8 19 28 27 37 16 27 0 28 8 28 30 11 24 29 32 38 15 9 25 26 29 30 33 9 13 11 12 1 21 31 28 16 14 11 11 
19 23 28 31 30 10 9 42 14 42 42 43 18 28 10 23 52 14 16 35 45 21 42 25 16 25 28 0 35 14 55 27 47 10 13 23 25 18 27 45 23 53 27 26 36 37 36 29 29 35 8 13 28 37 36 
19 17 25 4 6 29 41 8 23 53 11 34 18 13 26 38 25 28 43 8 17 35 31 45 24 35 8 35 0 36 28 12 24 37 40 46 17 17 32 27 37 29 40 16 14 11 13 7 28 38 36 23 14 10 12 
17 30 18 32 30 8 10 40 13 28 39 31 18 33 19 9 45 8 7 32 40 7 31 12 12 11 28 14 36 0 48 32 39 4 4 11 32 19 14 36 9 45 13 21 31 33 31 29 18 21 6 20 34 34 31 
36 44 30 31 27 45 57 21 40 49 17 24 38 41 49 44 3 41 54 21 11 43 21 51 38 40 30 55 28 48 0 40 8 51 52 54 44 38 35 13 43 4 44 28 18 18 19 29 30 35 51 46 42 19 19 
17 5 28 9 13 24 35 20 19 55 23 41 14 1 17 37 37 25 38 19 28 34 38 43 21 35 11 27 12 32 40 0 35 32 35 43 4 13 33 37 36 40 40 20 24 22 23 12 31 41 30 14 3 21 22 
28 38 21 26 22 36 48 18 32 41 14 16 30 36 41 35 7 33 45 16 8 34 13 42 30 31 24 47 24 39 8 35 0 42 43 45 39 30 26 5 34 6 35 20 11 13 12 23 21 27 43 39 38 14 13 
18 29 21 33 31 8 6 42 14 32 41 35 19 33 17 13 48 9 6 34 42 11 35 14 13 15 29 10 37 4 51 32 42 0 3 13 31 20 18 40 13 48 17 24 34 35 33 30 22 25 2 19 33 36 34 
21 32 22 36 34 11 7 44 17 29 43 35 22 36 20 11 50 12 3 37 44 10 35 11 16 14 32 13 40 4 52 35 43 3 0 10 34 23 18 41 11 50 15 26 35 37 35 33 22 24 5 22 37 38 36 
27 41 24 42 40 19 15 50 24 21 48 33 29 45 30 9 52 18 7 42 48 11 34 3 22 13 38 23 46 11 54 43 45 13 10 0 43 31 18 41 10 50 10 31 39 42 39 39 23 21 15 32 46 43 40 
18 2 31 13 17 24 33 25 19 56 27 44 15 4 15 38 41 25 38 23 33 35 41 43 22 36 15 25 17 32 44 4 39 31 34 43 0 14 35 41 37 44 41 23 28 26 27 16 34 43 29 12 3 25 26 
4 12 17 13 12 12 24 23 6 42 24 32 1 14 10 24 35 12 26 17 27 21 30 30 8 22 9 18 17 19 38 13 30 20 23 31 14 0 21 31 23 37 27 11 19 19 18 11 20 29 19 8 15 19 18 
17 33 7 29 25 17 25 33 17 21 31 16 20 35 27 8 33 13 19 25 30 8 16 15 13 4 25 27 32 14 35 33 26 18 18 18 35 21 0 23 8 32 9 15 22 25 22 25 5 8 20 27 36 26 23 
27 40 18 28 24 35 46 23 31 36 18 11 30 38 41 32 12 31 42 18 13 31 8 38 29 27 26 45 27 36 13 37 5 40 41 41 41 31 23 0 31 9 31 19 13 15 14 25 18 22 41 39 40 17 15 
19 35 14 34 31 14 18 40 17 20 38 24 22 38 26 1 41 12 12 32 37 2 24 8 15 3 29 23 37 9 43 36 34 13 11 10 37 23 8 31 0 40 4 21 29 32 29 30 13 13 15 27 39 33 30 
34 44 27 31 27 43 55 22 38 45 18 20 36 41 47 41 5 39 51 21 12 40 17 47 36 37 30 53 29 45 4 40 6 48 50 50 44 37 32 9 40 0 40 26 17 18 18 28 27 31 49 45 43 19 18 
23 39 16 37 34 19 22 42 21 15 40 22 26 42 30 4 42 16 14 34 39 6 24 7 19 5 33 27 40 13 44 40 35 17 15 10 41 27 9 31 4 40 0 24 31 34 31 33 14 10 19 31 43 35 32 
8 21 9 14 10 17 30 19 12 36 17 21 10 21 21 22 25 14 28 11 18 20 19 29 10 18 9 26 16 21 28 20 20 24 26 31 23 11 15 19 21 26 24 0 10 11 9 10 12 21 24 19 23 12 9 
17 27 15 15 11 27 39 12 21 40 9 19 19 25 30 30 15 24 38 5 8 28 16 37 20 26 13 36 14 31 18 24 11 34 35 39 28 19 22 13 29 17 31 10 0 3 1 12 17 25 34 28 27 5 2 
18 25 18 13 9 28 41 8 23 44 6 23 19 23 30 33 15 26 40 3 7 31 19 40 22 29 11 37 11 33 18 22 13 35 37 42 26 19 25 15 32 18 34 11 3 0 3 10 20 29 35 28 25 1 2 
16 26 15 14 10 26 39 12 21 41 9 20 18 24 29 30 16 23 37 5 9 28 17 37 20 26 12 36 13 31 19 23 12 33 35 39 27 18 22 14 29 18 31 9 1 3 0 11 17 26 33 27 26 4 1 
12 15 19 4 1 22 35 12 16 46 13 29 11 13 21 31 26 21 36 7 17 28 26 38 17 28 1 29 7 29 29 12 23 30 33 39 16 11 25 25 30 28 33 10 12 10 11 0 22 31 29 18 15 9 10 
15 32 2 26 22 18 28 29 17 24 26 13 18 33 28 13 28 14 24 21 25 13 13 20 14 9 21 29 28 18 30 31 21 22 22 23 34 20 5 18 13 27 14 12 17 20 17 22 0 9 23 27 34 21 18 
25 41 12 36 32 25 31 38 25 15 34 12 28 42 35 13 34 21 25 30 32 14 14 17 22 10 31 35 38 21 35 41 27 25 24 21 43 29 8 22 13 31 10 21 25 29 26 31 9 0 27 35 44 30 27 
17 27 22 32 30 7 5 41 13 34 41 36 18 31 15 15 49 10 8 34 43 13 36 17 13 17 28 8 36 6 51 30 43 2 5 15 29 19 20 41 15 49 19 24 34 35 33 29 23 27 0 17 32 36 34 
12 10 25 18 19 12 21 30 10 47 31 40 9 15 3 27 43 15 25 25 35 25 38 32 13 27 16 13 23 20 46 14 39 19 22 32 12 8 27 39 27 45 31 19 28 28 27 18 27 35 17 0 15 27 26 
19 5 31 12 16 26 36 22 21 58 25 44 17 2 18 40 39 27 40 22 31 37 41 45 24 38 14 28 14 34 42 3 38 33 37 46 3 15 36 40 39 43 43 23 27 25 26 15 34 44 32 15 0 24 25 
18 25 19 12 8 29 42 7 23 45 5 24 19 22 30 34 16 26 41 2 8 32 21 41 22 30 11 37 10 34 19 21 14 36 38 43 25 19 26 17 33 19 35 12 5 1 4 9 21 30 36 27 24 0 3 
17 25 16 13 9 26 39 10 21 42 8 22 18 23 29 31 16 24 38 3 9 29 18 38 20 27 11 36 12 31 19 22 13 34 36 40 26 18 23 15 30 18 32 9 2 2 1 10 18 27 34 26 25 3 0 
