Name: 120803: Pflegekraft 7 schließt 51 nicht aus, Job 51 schließt 6 nicht aus
Comment: 1337161406 1337161407!! modifziert, Job 31 Pflegekraft 2 erlaubt, Job 41 und Job 59 Sprache 4 möglich , Job 28 Tag 3 nicht besucht
Type: s 
Nurses:12
Workers: 12
Clients: 60
Jobs: 60
Dkws: 0
Related: 0
Synchron: 0

nurses qualification: nr, exclude, qual, language (4), usual shift length, extra 
1 59 3 0 0 0 1 240 1
2 37 3 1 0 1 0 360 1
3 15 3 0 1 1 1 420 1
4 11 3 1 0 0 1 180 1
5 45 2 0 1 0 0 300 1
6 54 2 1 0 0 0 240 1
7 0 2 1 1 1 1 180 1
8 40 2 0 0 0 1 480 1
9 50 1 1 1 0 1 420 1
10 1 1 1 0 0 0 420 1
11 30 1 0 0 0 1 420 1
12 2 1 1 1 0 1 480 1

workers: nr, anurse(7) + bnurse(7), abreak, bbreak, pause, ident, start (unbez.home/depot/bez.home (0,1,2))
1 195 435 110 350 300 540 115 355 175 415 155 395 70 310 240 360 30 1 2 -1
2 340 700 50 410 140 500 145 505 245 605 140 500 175 535 240 360 30 2 1 -1
3 55 475 50 470 40 460 45 465 215 635 160 580 295 715 240 360 30 3 0 -1
4 335 515 75 255 400 580 35 215 170 350 305 485 200 380 240 360 30 4 0 -1
5 385 685 150 450 55 355 235 535 140 440 95 395 25 325 240 360 30 5 0 -1
6 325 565 260 500 340 580 420 660 0 240 245 485 245 485 240 360 30 6 1 -1
7 120 300 165 345 435 615 265 445 105 285 205 385 420 600 240 360 30 7 1 -1
8 145 625 65 545 75 555 95 575 10 490 55 535 45 525 240 360 30 8 1 -1
9 190 610 255 675 125 545 250 670 170 590 10 430 55 475 240 360 30 9 2 -1
10 35 455 190 610 130 550 210 630 115 535 275 695 60 480 240 360 30 10 0 -1
11 55 475 95 515 260 680 165 585 200 620 160 580 210 630 240 360 30 11 1 -1
12 180 660 100 580 100 580 90 570 35 515 0 480 100 580 240 360 30 12 1 -1

jobs: nr, include, exclude, qual, language(4), pref,  duration, a, b, asoft, bsoft, ident, freq, Mo, Di, Mi, Do, Fr, Sa, So, ltl, utl
1 0 7 2 0 0 1 1 1 22 120 240 150 210 1 5 1 1 0 0 1 1 1 1 2
2 0 11 1 1 1 0 0 12 47 120 240 150 210 2 6 1 1 1 1 0 1 1 1 2
3 0 3 2 1 0 1 1 2 55 120 240 170 230 3 1 0 0 0 0 0 0 1 6 6
4 0 2 3 1 0 1 1 1 32 600 720 600 660 4 3 1 1 0 0 1 0 0 1 4
5 0 2 2 0 0 1 0 7 41 120 240 120 180 5 3 1 0 1 0 0 0 1 1 4
6 0 6 1 0 1 0 0 0 49 120 240 155 215 6 3 0 0 1 1 0 1 0 1 4
7 0 10 1 1 0 0 1 12 42 600 720 630 690 7 1 0 1 0 0 0 0 0 6 6
8 0 1 3 1 0 1 1 0 32 480 600 520 580 8 5 0 0 1 1 1 1 1 1 2
9 0 1 3 0 1 1 0 2 34 240 360 275 335 9 6 1 1 0 1 1 1 1 1 2
10 0 1 3 0 1 1 0 2 18 240 360 265 325 10 4 0 1 1 1 0 0 1 1 3
11 0 1 3 0 1 1 1 4 20 120 240 135 195 11 2 0 0 0 1 1 0 0 2 5
12 0 3 3 0 0 1 1 1 36 0 120 0 60 12 3 0 1 0 0 1 1 0 1 4
13 0 0 2 1 1 0 1 4 49 120 240 130 190 13 3 0 1 0 0 1 1 0 1 4
14 0 3 3 1 0 0 0 2 13 240 360 290 350 14 6 1 1 0 1 1 1 1 1 2
15 0 5 2 1 0 1 0 6 21 480 600 535 595 15 7 1 1 1 1 1 1 1 1 1
16 0 3 2 0 0 0 1 0 32 360 480 360 420 16 4 1 0 1 0 1 1 0 1 3
17 0 9 1 1 1 1 0 10 52 240 360 280 340 17 5 1 0 1 1 0 1 1 1 2
18 0 1 3 0 1 1 0 3 25 0 120 45 105 18 4 1 1 0 0 1 1 0 1 3
19 0 10 1 0 1 0 1 12 52 240 360 280 340 19 6 1 1 1 0 1 1 1 1 2
20 0 3 2 0 1 0 1 7 36 240 360 250 310 20 7 1 1 1 1 1 1 1 1 1
21 0 4 2 0 1 0 1 8 31 0 120 50 110 21 5 1 1 1 0 1 0 1 1 2
22 0 3 3 1 0 1 0 0 46 360 480 380 440 22 6 1 0 1 1 1 1 1 1 2
23 0 11 1 0 1 1 0 5 69 480 600 490 550 23 1 0 0 0 1 0 0 0 6 6
24 0 1 3 1 1 0 0 2 49 120 240 170 230 24 7 1 1 1 1 1 1 1 1 1
25 0 6 1 1 0 0 1 8 54 360 480 380 440 25 3 1 0 0 0 0 1 1 1 4
26 0 3 3 0 0 1 1 2 27 240 360 290 350 26 4 0 1 1 0 1 0 1 1 3
27 0 0 3 1 0 0 1 3 14 0 120 40 100 27 2 1 0 0 0 0 0 1 2 5
28 0 1 2 0 0 1 1 0 45 0 120 15 75 28 6 1 1 0 1 1 1 1 1 1
29 0 3 3 1 0 0 0 2 5 600 720 600 660 29 6 1 1 1 0 1 1 1 1 2
30 0 1 3 1 1 1 0 2 21 240 360 285 345 30 7 1 1 1 1 1 1 1 1 1
31 0 0 3 0 0 1 0 0 20 240 360 255 315 31 7 1 1 1 1 1 1 1 1 1
32 0 11 1 0 0 0 1 12 34 600 720 660 720 32 3 0 0 1 1 0 0 1 1 4
33 0 1 2 1 1 1 1 5 54 360 480 375 435 33 5 0 1 0 1 1 1 1 1 2
34 0 1 2 0 0 1 1 2 58 360 480 380 440 34 1 0 0 0 0 1 0 0 6 6
35 0 2 2 0 0 1 1 4 59 600 720 635 695 35 2 0 0 1 0 0 0 1 2 5
36 0 2 3 1 1 1 0 3 66 0 120 0 60 36 6 1 1 1 1 0 1 1 1 2
37 0 6 1 1 0 1 0 12 19 480 600 505 565 37 6 0 1 1 1 1 1 1 1 2
38 0 8 1 1 1 0 1 5 67 360 480 400 460 38 1 0 0 0 0 1 0 0 6 6
39 0 11 1 1 1 0 1 6 55 480 600 500 560 39 2 0 0 0 0 0 1 1 2 5
40 0 3 2 1 1 1 0 2 27 600 720 645 705 40 1 1 0 0 0 0 0 0 6 6
41 0 0 1 0 0 1 1 7 65 0 120 35 95 41 4 0 1 1 0 0 1 1 1 3
42 0 1 3 0 0 1 0 2 18 360 480 415 475 42 7 1 1 1 1 1 1 1 1 1
43 0 2 3 0 1 1 1 3 54 360 480 405 465 43 1 0 0 0 0 1 0 0 6 6
44 0 4 2 1 1 1 0 7 33 600 720 605 665 44 6 1 1 0 1 1 1 1 1 2
45 0 1 3 1 1 0 1 2 24 360 480 395 455 45 3 0 0 1 1 0 1 0 1 4
46 0 6 1 1 1 0 1 10 40 120 240 135 195 46 7 1 1 1 1 1 1 1 1 1
47 0 2 2 0 0 1 1 4 53 240 360 270 330 47 2 1 0 0 0 0 1 0 2 5
48 0 1 2 0 0 1 0 0 45 600 720 650 710 48 4 1 0 1 1 0 1 0 1 3
49 0 6 1 0 0 1 1 9 38 480 600 535 595 49 7 1 1 1 1 1 1 1 1 1
50 0 7 2 0 1 0 1 3 27 120 240 155 215 50 5 1 1 0 1 1 1 0 1 2
51 0 0 2 1 0 1 0 2 43 360 480 390 450 51 7 1 1 1 1 1 1 1 1 1
52 0 3 3 1 1 0 0 0 33 240 360 245 305 52 4 0 1 1 0 1 1 0 1 3
53 0 6 2 1 0 1 1 8 28 600 720 655 715 53 4 1 1 0 0 0 1 1 1 3
54 0 7 1 1 0 0 1 10 31 120 240 155 215 54 4 0 1 1 1 0 0 1 1 3
55 0 2 2 1 1 0 0 3 39 600 720 605 665 55 7 1 1 1 1 1 1 1 1 1
56 0 9 1 1 0 1 0 6 45 0 120 45 105 56 7 1 1 1 1 1 1 1 1 1
57 0 5 1 1 1 1 0 7 55 480 600 480 540 57 4 0 1 1 0 1 0 1 1 3
58 0 10 1 0 0 0 1 7 59 480 600 535 595 58 4 0 0 1 0 1 1 1 1 3
59 0 0 1 0 0 1 1 7 37 120 240 120 180 59 2 1 0 0 0 0 0 1 2 5
60 0 8 1 0 1 1 0 0 48 360 480 380 440 60 1 0 0 0 1 0 0 0 6 6

dist
0 33 29 16 13 29 18 13 30 29 14 28 33 23 25 23 37 23 38 24 12 18 4 10 23 18 13 42 6 25 33 28 30 13 35 22 38 36 32 22 22 5 20 8 17 26 38 27 26 17 28 12 21 1 18 17 19 41 22 30 21 29 15 19 11 10 37 28 34 23 17 31 41 
33 0 45 22 27 32 39 44 30 56 45 58 56 53 54 48 65 54 36 8 44 50 31 22 37 50 25 45 27 50 58 33 27 24 55 28 65 38 47 15 53 38 53 27 45 18 40 58 13 41 10 26 34 33 35 16 34 44 42 40 12 48 46 51 24 25 52 4 52 14 51 50 47 
29 45 0 23 21 15 11 22 18 19 40 25 13 23 22 13 27 25 20 39 27 39 25 32 8 38 23 17 29 13 16 12 20 23 11 17 24 15 3 29 26 30 31 35 17 27 16 27 32 13 34 39 11 28 12 36 12 17 7 6 38 5 23 26 26 37 8 41 7 30 32 6 14 
16 22 23 0 5 15 17 23 15 33 31 36 33 31 32 26 43 33 23 15 25 34 13 10 15 34 4 30 11 27 35 15 14 3 33 8 42 22 26 7 32 21 33 16 23 10 25 37 11 18 13 19 12 16 12 13 12 29 20 21 14 26 25 30 5 17 31 18 31 8 32 28 30 
13 27 21 5 0 16 12 17 17 29 27 31 29 26 27 21 38 27 25 20 20 29 8 11 13 29 2 30 9 22 31 15 17 2 29 9 37 23 24 12 26 16 28 15 18 15 25 31 16 13 19 18 10 12 9 15 9 29 16 19 17 22 19 25 5 16 29 23 27 13 27 25 30 
29 32 15 15 16 0 18 29 2 33 43 38 29 35 35 26 42 37 8 28 33 45 25 26 11 44 17 14 26 26 32 3 5 17 27 7 39 7 17 18 37 32 40 32 27 13 9 40 19 21 21 34 10 29 13 28 12 13 18 9 28 20 31 36 20 32 20 29 23 19 40 22 16 
18 39 11 17 12 18 0 12 20 17 29 20 17 17 17 9 26 19 25 32 17 29 15 22 7 28 14 26 19 10 18 15 21 15 17 13 25 21 13 24 19 18 22 25 9 24 23 22 27 3 30 29 8 17 5 27 6 26 4 13 30 11 13 18 17 27 18 35 16 25 23 13 24 
13 44 22 23 17 29 12 0 31 16 17 15 21 10 11 11 23 10 37 35 5 16 12 22 19 15 19 39 17 13 21 27 32 20 24 24 25 34 24 30 9 10 11 21 5 32 35 14 34 9 36 25 19 12 16 29 17 38 14 26 32 20 2 7 19 24 29 39 24 31 10 21 37 
30 30 18 15 17 2 20 31 0 35 44 40 31 37 37 28 44 39 7 27 35 46 26 26 13 45 18 15 26 28 34 5 3 17 29 8 42 8 19 17 39 34 42 32 29 12 10 42 18 23 20 35 12 30 15 27 14 14 20 12 27 22 33 38 21 33 22 28 25 18 42 24 17 
29 56 19 33 29 33 17 16 35 0 32 7 7 8 6 7 9 10 39 48 20 29 27 37 22 27 31 36 32 6 5 30 37 31 12 30 8 34 19 41 12 26 17 37 12 41 35 10 44 15 47 41 24 28 22 43 23 36 15 25 46 14 15 13 32 39 21 52 15 42 21 13 32 
14 45 40 31 27 43 29 17 44 32 0 28 38 24 26 29 37 23 52 37 13 5 18 24 35 7 27 55 20 31 37 41 44 28 41 36 40 49 42 36 21 10 16 18 23 41 51 26 40 26 42 20 34 14 31 29 32 54 32 42 33 38 18 19 25 20 47 41 42 37 12 39 53 
28 58 25 36 31 38 20 15 40 7 28 0 15 5 3 12 9 5 45 50 17 24 27 37 27 22 33 42 32 12 12 35 41 33 19 34 12 40 25 43 7 24 12 36 13 44 41 2 47 18 50 40 28 27 26 43 27 42 20 31 47 20 13 9 34 39 28 54 22 44 16 20 39 
33 56 13 33 29 29 17 21 31 7 38 15 0 15 14 10 14 17 34 49 25 36 30 39 19 34 31 30 35 8 3 26 34 32 4 29 10 28 13 40 19 31 25 40 16 39 29 17 43 16 46 44 22 32 21 44 22 30 13 20 47 8 20 20 34 42 14 52 8 42 28 7 26 
23 53 23 31 26 35 17 10 37 8 24 5 15 0 2 9 13 2 42 45 12 20 22 32 24 18 28 41 27 10 14 32 38 29 19 30 16 37 24 38 3 19 9 31 8 40 38 5 42 14 45 35 25 22 22 38 23 40 17 28 42 19 8 5 29 34 28 49 22 40 12 19 38 
25 54 22 32 27 35 17 11 37 6 26 3 14 2 0 9 12 3 42 46 14 22 24 34 24 20 29 40 29 9 12 32 38 30 18 31 14 37 23 39 5 21 11 33 9 41 38 5 43 14 46 37 25 24 22 40 23 40 17 28 43 18 9 7 30 35 26 50 20 41 14 18 37 
23 48 13 26 21 26 9 11 28 7 29 12 10 9 9 0 17 11 33 41 16 27 20 29 15 25 23 31 25 2 10 23 30 24 12 23 16 28 15 33 12 21 17 30 6 33 29 14 37 7 39 34 17 22 14 35 15 31 8 19 38 10 11 12 25 33 19 44 13 34 19 10 28 
37 65 27 43 38 42 26 23 44 9 37 9 14 13 12 17 0 14 47 58 26 33 36 45 31 31 40 44 41 16 11 39 46 41 18 40 5 42 27 50 16 33 21 45 20 50 43 11 54 24 57 49 34 36 31 52 32 44 24 33 55 22 21 18 41 47 28 61 22 51 25 21 40 
23 54 25 33 27 37 19 10 39 10 23 5 17 2 3 11 14 0 44 46 12 19 23 33 26 17 29 43 28 12 16 34 40 30 21 32 17 39 26 40 2 19 7 31 10 42 41 4 44 16 46 35 27 22 24 39 25 43 19 30 43 21 8 4 30 34 30 50 24 41 11 21 40 
38 36 20 23 25 8 25 37 7 39 52 45 34 42 42 33 47 44 0 33 42 53 34 34 18 52 26 9 34 33 37 10 9 25 31 16 44 5 21 24 44 41 48 40 34 18 5 47 24 28 26 43 18 37 21 35 20 8 25 14 34 25 39 43 29 40 22 34 26 25 48 26 13 
24 8 39 15 20 28 32 35 27 48 37 50 49 45 46 41 58 46 33 0 36 41 23 13 31 42 17 42 18 42 51 29 24 17 49 22 57 35 42 10 45 30 45 19 37 15 37 50 9 33 8 18 27 25 28 8 27 41 35 35 4 42 38 43 16 17 46 4 46 9 42 44 44 
12 44 27 25 20 33 17 5 35 20 13 17 25 12 14 16 26 12 42 36 0 12 13 22 24 10 21 43 17 18 25 31 35 22 28 27 28 38 29 31 10 7 8 19 10 35 40 16 35 14 38 23 23 11 20 28 21 43 19 30 32 25 5 8 20 22 34 40 29 32 7 26 41 
18 50 39 34 29 45 29 16 46 29 5 24 36 20 22 27 33 19 53 41 12 0 21 28 36 2 30 55 24 29 35 42 46 31 39 38 36 50 41 40 17 13 12 23 22 44 52 22 44 26 46 25 35 18 32 33 33 55 31 42 38 37 16 15 29 25 46 46 41 41 8 38 53 
4 31 25 13 8 25 15 12 26 27 18 27 30 22 24 20 36 23 34 23 13 21 0 9 19 21 9 38 5 22 31 24 25 10 32 18 36 31 28 19 22 8 21 10 15 23 33 27 23 14 25 14 17 3 14 16 15 37 19 26 20 26 14 20 8 12 33 27 31 20 19 28 37 
10 22 32 10 11 26 22 22 26 37 24 37 39 32 34 29 45 33 34 13 22 28 9 0 24 28 9 40 5 31 40 26 24 9 40 18 46 33 35 13 31 16 31 6 25 18 35 37 16 22 18 8 21 11 20 6 20 39 26 30 10 33 24 29 6 6 40 18 38 13 28 35 41 
23 37 8 15 13 11 7 19 13 22 35 27 19 24 24 15 31 26 18 31 24 36 19 24 0 34 15 19 21 15 22 8 14 15 18 9 29 14 11 21 26 24 30 28 16 19 16 29 24 10 27 31 3 22 4 28 4 19 7 7 29 11 21 25 18 29 16 33 15 22 30 13 18 
18 50 38 34 29 44 28 15 45 27 7 22 34 18 20 25 31 17 52 42 10 2 21 28 34 0 30 54 24 27 33 42 45 31 38 37 34 49 40 40 15 13 10 23 20 44 51 20 44 25 46 26 34 18 31 34 32 54 30 41 38 35 14 13 29 26 44 46 39 41 6 36 52 
13 25 23 4 2 17 14 19 18 31 27 33 31 28 29 23 40 29 26 17 21 30 9 9 15 30 0 31 8 25 33 17 17 1 31 10 39 24 26 10 28 17 29 14 20 14 26 33 14 15 17 17 12 12 11 13 11 30 18 21 15 25 21 26 3 15 31 21 29 12 28 27 31 
42 45 17 30 30 14 26 39 15 36 55 42 30 41 40 31 44 43 9 42 43 55 38 40 19 54 31 0 39 31 33 14 18 31 26 21 40 7 17 32 44 44 48 46 34 27 5 45 33 29 35 49 21 41 24 42 23 1 24 13 42 22 40 43 34 46 16 43 22 33 49 23 4 
6 27 29 11 9 26 19 17 26 32 20 32 35 27 29 25 41 28 34 18 17 24 5 5 21 24 8 39 0 27 36 25 25 9 36 18 41 33 32 16 26 11 26 6 20 21 35 32 20 18 22 10 19 6 17 11 17 39 23 28 15 30 19 24 5 8 37 22 35 17 23 32 39 
25 50 13 27 22 26 10 13 28 6 31 12 8 10 9 2 16 12 33 42 18 29 22 31 15 27 25 31 27 0 8 23 30 25 10 24 14 28 14 34 13 23 19 32 8 34 29 14 38 9 41 36 17 24 15 37 16 30 8 19 40 8 13 14 26 35 17 46 12 36 21 9 27 
33 58 16 35 31 32 18 21 34 5 37 12 3 14 12 10 11 16 37 51 25 35 31 40 22 33 33 33 36 8 0 29 36 33 7 31 7 31 16 42 17 31 23 41 16 41 32 15 45 17 48 45 24 32 23 46 24 33 15 23 48 11 20 19 35 43 17 54 11 43 26 10 29 
28 33 12 15 15 3 15 27 5 30 41 35 26 32 32 23 39 34 10 29 31 42 24 26 8 42 17 14 25 23 29 0 7 16 24 7 36 7 14 19 34 30 37 31 24 15 10 37 20 18 23 34 7 27 10 28 9 13 15 7 29 17 28 33 20 32 18 30 20 20 37 19 15 
30 27 20 14 17 5 21 32 3 37 44 41 34 38 38 30 46 40 9 24 35 46 25 24 14 45 17 18 25 30 36 7 0 16 32 8 44 11 22 14 40 33 43 31 30 9 13 43 15 24 17 33 13 29 16 25 15 17 22 14 25 25 34 39 19 31 25 25 28 15 42 27 20 
13 24 23 3 2 17 15 20 17 31 28 33 32 29 30 24 41 30 25 17 22 31 10 9 15 31 1 31 9 25 33 16 16 0 32 9 40 24 26 9 29 18 30 15 20 13 26 34 13 16 16 17 12 13 11 13 11 30 18 21 15 25 22 27 3 15 31 20 30 11 29 27 31 
35 55 11 33 29 27 17 24 29 12 41 19 4 19 18 12 18 21 31 49 28 39 32 40 18 38 31 26 36 10 7 24 32 32 0 27 14 25 9 39 23 33 29 42 18 38 25 22 43 18 45 46 21 34 21 45 21 26 13 17 47 7 23 24 34 44 10 51 4 41 31 5 22 
22 28 17 8 9 7 13 24 8 30 36 34 29 30 31 23 40 32 16 22 27 38 18 18 9 37 10 21 18 24 31 7 8 9 27 0 38 14 19 12 32 25 35 24 22 10 17 36 15 16 18 27 6 21 8 21 7 21 15 13 22 20 26 31 13 25 24 24 24 13 34 22 22 
38 65 24 42 37 39 25 25 42 8 40 12 10 16 14 16 5 17 44 57 28 36 36 46 29 34 39 40 41 14 7 36 44 40 14 38 0 39 23 49 19 34 24 46 21 49 39 14 53 24 55 50 32 37 30 52 31 40 22 30 55 19 23 21 41 48 24 60 18 50 28 17 36 
36 38 15 22 23 7 21 34 8 34 49 40 28 37 37 28 42 39 5 35 38 50 31 33 14 49 24 7 33 28 31 7 11 24 25 14 39 0 15 25 40 38 44 39 30 20 2 42 26 24 28 42 15 35 18 35 17 6 20 9 35 20 35 39 27 39 17 36 21 26 44 21 9 
32 47 3 26 24 17 13 24 19 19 42 25 13 24 23 15 27 26 21 42 29 41 28 35 11 40 26 17 32 14 16 14 22 26 9 19 23 15 0 32 27 32 33 38 19 29 16 28 34 16 37 42 14 31 15 39 15 17 10 7 41 5 25 28 29 40 5 44 5 33 34 6 13 
22 15 29 7 12 18 24 30 17 41 36 43 40 38 39 33 50 40 24 10 31 40 19 13 21 40 10 32 16 34 42 19 14 9 39 12 49 25 32 0 39 27 40 19 30 6 27 44 4 25 6 20 18 22 19 11 18 31 27 25 10 32 32 37 11 18 36 12 37 1 38 34 34 
22 53 26 32 26 37 19 9 39 12 21 7 19 3 5 12 16 2 44 45 10 17 22 31 26 15 28 44 26 13 17 34 40 29 23 32 19 40 27 39 0 17 5 30 10 41 41 5 43 16 46 33 27 21 24 38 25 43 19 31 42 22 7 2 29 32 31 49 25 40 9 22 41 
5 38 30 21 16 32 18 10 34 26 10 24 31 19 21 21 33 19 41 30 7 13 8 16 24 13 17 44 11 23 31 30 33 18 33 25 34 38 32 27 17 0 15 12 15 31 40 23 31 16 33 16 23 5 20 22 21 43 22 31 26 28 11 15 16 15 37 34 33 28 12 30 43 
20 53 31 33 28 40 22 11 42 17 16 12 25 9 11 17 21 7 48 45 8 12 21 31 30 10 29 48 26 19 23 37 43 30 29 35 24 44 33 40 5 15 0 28 13 43 45 10 44 19 47 31 30 20 27 37 28 48 24 35 41 27 9 5 29 31 36 49 31 41 4 28 46 
8 27 35 16 15 32 25 21 32 37 18 36 40 31 33 30 45 31 40 19 19 23 10 6 28 23 14 46 6 32 41 31 31 15 42 24 46 39 38 19 30 12 28 0 25 25 41 35 23 24 24 4 25 8 23 11 24 45 29 35 15 36 23 27 11 2 43 23 41 20 25 38 46 
17 45 17 23 18 27 9 5 29 12 23 13 16 8 9 6 20 10 34 37 10 22 15 25 16 20 20 34 20 8 16 24 30 20 18 22 21 30 19 30 10 15 13 25 0 31 31 13 34 6 37 29 17 16 14 31 15 34 10 21 34 15 5 9 21 27 24 41 19 31 15 16 32 
26 18 27 10 15 13 24 32 12 41 41 44 39 40 41 33 50 42 18 15 35 44 23 18 19 44 14 27 21 34 41 15 9 13 38 10 49 20 29 6 41 31 43 25 31 0 22 45 6 26 8 27 17 26 18 17 18 26 26 22 16 31 34 40 15 25 33 16 35 6 42 33 29 
38 40 16 25 25 9 23 35 10 35 51 41 29 38 38 29 43 41 5 37 40 52 33 35 16 51 26 5 35 29 32 10 13 26 25 17 39 2 16 27 41 40 45 41 31 22 0 43 28 26 30 44 17 37 20 37 19 4 21 10 37 21 37 41 30 42 17 38 21 28 46 22 7 
27 58 27 37 31 40 22 14 42 10 26 2 17 5 5 14 11 4 47 50 16 22 27 37 29 20 33 45 32 14 15 37 43 34 22 36 14 42 28 44 5 23 10 35 13 45 43 0 48 19 51 39 30 27 27 43 28 45 22 33 47 23 12 8 34 38 31 54 25 45 14 22 42 
26 13 32 11 16 19 27 34 18 44 40 47 43 42 43 37 54 44 24 9 35 44 23 16 24 44 14 33 20 38 45 20 15 13 43 15 53 26 34 4 43 31 44 23 34 6 28 48 0 29 2 23 21 26 22 13 21 32 30 27 11 35 36 41 15 21 39 10 39 3 42 38 35 
17 41 13 18 13 21 3 9 23 15 26 18 16 14 14 7 24 16 28 33 14 26 14 22 10 25 15 29 18 9 17 18 24 16 18 16 24 24 16 25 16 16 19 24 6 26 26 19 29 0 32 28 11 16 8 28 9 29 5 16 31 12 10 15 17 26 21 36 17 27 20 14 27 
28 10 34 13 19 21 30 36 20 47 42 50 46 45 46 39 57 46 26 8 38 46 25 18 27 46 17 35 22 41 48 23 17 16 45 18 55 28 37 6 46 33 47 24 37 8 30 51 2 32 0 24 24 28 25 14 24 34 33 30 11 38 39 44 17 23 41 8 42 5 45 40 37 
12 26 39 19 18 34 29 25 35 41 20 40 44 35 37 34 49 35 43 18 23 25 14 8 31 26 17 49 10 36 45 34 33 17 46 27 50 42 42 20 33 16 31 4 29 27 44 39 23 28 24 0 29 13 27 10 27 48 33 38 14 40 27 31 14 2 47 22 45 21 28 42 49 
21 34 11 12 10 10 8 19 12 24 34 28 22 25 25 17 34 27 18 27 23 35 17 21 3 34 12 21 19 17 24 7 13 12 21 6 32 15 14 18 27 23 30 25 17 17 17 30 21 11 24 29 0 20 3 25 2 20 9 9 26 14 21 26 15 26 19 30 18 19 30 16 20 
1 33 28 16 12 29 17 12 30 28 14 27 32 22 24 22 36 22 37 25 11 18 3 11 22 18 12 41 6 24 32 27 29 13 34 21 37 35 31 22 21 5 20 8 16 26 37 27 26 16 28 13 20 0 18 17 18 41 21 29 21 28 14 19 11 11 36 29 33 23 17 30 41 
18 35 12 12 9 13 5 16 15 22 31 26 21 22 22 14 31 24 21 28 20 32 14 20 4 31 11 24 17 15 23 10 16 11 21 8 30 18 15 19 24 20 27 23 14 18 20 27 22 8 25 27 3 18 0 24 1 23 7 11 26 13 18 23 14 25 20 31 18 20 27 16 23 
17 16 36 13 15 28 27 29 27 43 29 43 44 38 40 35 52 39 35 8 28 33 16 6 28 34 13 42 11 37 46 28 25 13 45 21 52 35 39 11 38 22 37 11 31 17 37 43 13 28 14 10 25 17 24 0 24 41 31 34 4 38 31 36 10 9 44 12 43 11 34 40 43 
19 34 12 12 9 12 6 17 14 23 32 27 22 23 23 15 32 25 20 27 21 33 15 20 4 32 11 23 17 16 24 9 15 11 21 7 31 17 15 18 25 21 28 24 15 18 19 28 21 9 24 27 2 18 1 24 0 22 8 11 26 14 19 24 14 25 20 30 18 20 28 16 22 
41 44 17 29 29 13 26 38 14 36 54 42 30 40 40 31 44 43 8 41 43 55 37 39 19 54 30 1 39 30 33 13 17 30 26 21 40 6 17 31 43 43 48 45 34 26 4 45 32 29 34 48 20 41 23 41 22 0 24 12 41 22 39 43 34 46 16 42 22 32 49 23 5 
22 42 7 20 16 18 4 14 20 15 32 20 13 17 17 8 24 19 25 35 19 31 19 26 7 30 18 24 23 8 15 15 22 18 13 15 22 20 10 27 19 22 24 29 10 26 21 22 30 5 33 33 9 21 7 31 8 24 0 11 34 7 15 19 20 31 15 38 12 28 25 9 22 
30 40 6 21 19 9 13 26 12 25 42 31 20 28 28 19 33 30 14 35 30 42 26 30 7 41 21 13 28 19 23 7 14 21 17 13 30 9 7 25 31 31 35 35 21 22 10 33 27 16 30 38 9 29 11 34 11 12 11 0 35 11 27 31 24 36 11 37 13 26 36 13 11 
21 12 38 14 17 28 30 32 27 46 33 47 47 42 43 38 55 43 34 4 32 38 20 10 29 38 15 42 15 40 48 29 25 15 47 22 55 35 41 10 42 26 41 15 34 16 37 47 11 31 11 14 26 21 26 4 26 41 34 35 0 40 34 40 13 13 45 8 45 9 38 42 44 
29 48 5 26 22 20 11 20 22 14 38 20 8 19 18 10 22 21 25 42 25 37 26 33 11 35 25 22 30 8 11 17 25 25 7 20 19 20 5 32 22 28 27 36 15 31 21 23 35 12 38 40 14 28 13 38 14 22 7 11 40 0 20 22 27 38 9 44 5 34 29 2 18 
15 46 23 25 19 31 13 2 33 15 18 13 20 8 9 11 21 8 39 38 5 16 14 24 21 14 21 40 19 13 20 28 34 22 23 26 23 35 25 32 7 11 9 23 5 34 37 12 36 10 39 27 21 14 18 31 19 39 15 27 34 20 0 5 21 26 29 41 24 33 9 21 38 
19 51 26 30 25 36 18 7 38 13 19 9 20 5 7 12 18 4 43 43 8 15 20 29 25 13 26 43 24 14 19 33 39 27 24 31 21 39 28 37 2 15 5 27 9 40 41 8 41 15 44 31 26 19 23 36 24 43 19 31 40 22 5 0 27 30 31 47 26 39 7 23 41 
11 24 26 5 5 20 17 19 21 32 25 34 34 29 30 25 41 30 29 16 20 29 8 6 18 29 3 34 5 26 35 20 19 3 34 13 41 27 29 11 29 16 29 11 21 15 30 34 15 17 17 14 15 11 14 10 14 34 20 24 13 27 21 27 0 12 34 20 32 12 27 29 35 
10 25 37 17 16 32 27 24 33 39 20 39 42 34 35 33 47 34 40 17 22 25 12 6 29 26 15 46 8 35 43 32 31 15 44 25 48 39 40 18 32 15 31 2 27 25 42 38 21 26 23 2 26 11 25 9 25 46 31 36 13 38 26 30 12 0 45 21 43 19 27 40 47 
37 52 8 31 29 20 18 29 22 21 47 28 14 28 26 19 28 30 22 46 34 46 33 40 16 44 31 16 37 17 17 18 25 31 10 24 24 17 5 36 31 37 36 43 24 33 17 31 39 21 41 47 19 36 20 44 20 16 15 11 45 9 29 31 34 45 0 48 6 37 38 8 12 
28 4 41 18 23 29 35 39 28 52 41 54 52 49 50 44 61 50 34 4 40 46 27 18 33 46 21 43 22 46 54 30 25 20 51 24 60 36 44 12 49 34 49 23 41 16 38 54 10 36 8 22 30 29 31 12 30 42 38 37 8 44 41 47 20 21 48 0 49 10 46 47 45 
34 52 7 31 27 23 16 24 25 15 42 22 8 22 20 13 22 24 26 46 29 41 31 38 15 39 29 22 35 12 11 20 28 30 4 24 18 21 5 37 25 33 31 41 19 35 21 25 39 17 42 45 18 33 18 43 18 22 12 13 45 5 24 26 32 43 6 49 0 38 33 3 18 
23 14 30 8 13 19 25 31 18 42 37 44 42 40 41 34 51 41 25 9 32 41 20 13 22 41 12 33 17 36 43 20 15 11 41 13 50 26 33 1 40 28 41 20 31 6 28 45 3 27 5 21 19 23 20 11 20 32 28 26 9 34 33 39 12 19 37 10 38 0 39 36 35 
17 51 32 32 27 40 23 10 42 21 12 16 28 12 14 19 25 11 48 42 7 8 19 28 30 6 28 49 23 21 26 37 42 29 31 34 28 44 34 38 9 12 4 25 15 42 46 14 42 20 45 28 30 17 27 34 28 49 25 36 38 29 9 7 27 27 38 46 33 39 0 30 47 
31 50 6 28 25 22 13 21 24 13 39 20 7 19 18 10 21 21 26 44 26 38 28 35 13 36 27 23 32 9 10 19 27 27 5 22 17 21 6 34 22 30 28 38 16 33 22 22 38 14 40 42 16 30 16 40 16 23 9 13 42 2 21 23 29 40 8 47 3 36 30 0 19 
41 47 14 30 30 16 24 37 17 32 53 39 26 38 37 28 40 40 13 44 41 53 37 41 18 52 31 4 39 27 29 15 20 31 22 22 36 9 13 34 41 43 46 46 32 29 7 42 35 27 37 49 20 41 23 43 22 5 22 11 44 18 38 41 35 47 12 45 18 35 47 19 0 
