Name: Pflegekraft 6 kann Sprache 3, Pflegekraft 2 kann Sprache 2
Comment: 1337511423 1337511423
Type: s 
Nurses:9
Workers: 9
Clients: 45
Jobs: 45
Dkws: 0
Related: 0
Synchron: 0

nurses qualification: nr, exclude, qual, language (4), usual shift length, extra 
1 45 3 0 1 1 0 180 1
2 40 3 0 1 0 1 300 1
3 18 3 1 0 0 0 420 1
4 3 2 1 1 1 1 480 1
5 20 2 1 1 0 1 360 1
6 11 2 1 0 1 1 360 1
7 17 1 1 0 0 1 420 1
8 3 1 1 1 0 1 180 1
9 29 1 1 0 1 0 420 1

workers: nr, anurse(7) + bnurse(7), abreak, bbreak, pause, ident, start (unbez.home/depot/bez.home (0,1,2))
1 510 690 515 695 500 680 30 210 20 200 490 670 290 470 240 360 30 1 1 -1 
2 215 515 180 480 170 470 255 555 15 315 385 685 310 610 240 360 30 2 1 -1 
3 90 510 295 715 285 705 90 510 95 515 255 675 75 495 240 360 30 3 0 -1
4 70 550 175 655 40 520 65 545 120 600 70 550 115 595 240 360 30 4 1 -1 
5 325 685 25 385 350 710 160 520 255 615 280 640 340 700 240 360 30 5 0 -1
6 290 650 60 420 55 415 285 645 85 445 315 675 65 425 240 360 30 6 1 -1
7 145 565 150 570 185 605 135 555 280 700 110 530 110 530 240 360 30 7 0 -1
8 145 325 310 490 165 345 80 260 0 180 220 400 290 470 240 360 30 8 2 -1
9 15 435 235 655 200 620 200 620 170 590 5 425 85 505 240 360 30 9 2 -1

jobs: nr, include, exclude, qual, language(4), pref,  duration, a, b, asoft, bsoft, ident, freq, Mo, Di, Mi, Do, Fr, Sa, So, ltl, utl
1 0 2 2 1 0 0 0 3 33 240 360 275 335 1 2 0 1 0 1 0 0 0 2 5
2 0 3 1 0 1 0 1 8 47 360 480 365 425 2 4 1 0 0 0 1 1 1 1 3
3 0 0 3 0 1 1 0 1 37 0 120 60 120 3 6 1 1 1 1 1 0 1 1 2
4 0 0 2 0 1 1 0 5 36 0 120 40 100 4 1 1 0 0 0 0 0 0 6 6
5 0 2 3 1 0 1 0 3 9 480 600 530 590 5 5 0 1 1 1 1 1 0 1 2
6 0 4 2 1 0 0 0 3 76 120 240 160 220 6 3 1 0 1 0 0 0 1 1 4
7 0 0 3 1 1 0 1 1 42 480 600 510 570 7 6 1 1 1 1 0 1 1 1 2
8 0 2 3 1 0 1 1 1 35 600 720 645 705 8 4 1 0 1 1 0 1 0 1 3
9 0 0 3 0 0 0 1 2 13 480 600 510 570 9 6 0 1 1 1 1 1 1 1 2
10 0 3 2 0 0 1 0 6 53 360 480 400 460 10 6 1 1 0 1 1 1 1 1 2
11 0 0 3 1 1 0 1 1 51 600 720 640 700 11 7 1 1 1 1 1 1 1 1 1
12 0 3 1 1 1 0 0 5 36 480 600 505 565 12 5 1 0 0 1 1 1 1 1 2
13 0 0 3 0 1 1 0 1 38 120 240 180 240 13 5 0 1 0 1 1 1 1 1 2
14 0 7 1 0 0 0 1 0 38 600 720 655 715 14 2 0 0 0 1 0 0 1 2 5
15 0 5 2 0 0 1 0 1 79 480 600 480 540 15 1 0 0 0 0 0 1 0 6 6
16 0 3 2 1 0 0 1 0 36 600 720 600 660 16 1 0 0 0 0 0 1 0 6 6
17 0 5 2 0 0 1 0 4 26 360 480 410 470 17 1 0 0 0 1 0 0 0 6 6
18 0 0 3 0 1 1 0 0 28 360 480 415 475 18 6 1 1 1 1 1 1 0 1 2
19 0 5 1 0 1 1 1 7 62 600 720 650 710 19 3 1 1 0 0 0 1 0 1 4
20 0 3 2 1 0 1 0 4 49 240 360 255 315 20 4 1 0 0 1 1 0 1 1 3
21 0 4 1 0 1 0 1 6 61 0 120 35 95 21 1 0 0 1 0 0 0 0 6 6
22 0 7 1 0 1 0 1 5 57 0 120 25 85 22 4 1 1 0 0 1 1 0 1 3
23 0 4 2 0 1 1 0 5 31 360 480 360 420 23 7 1 1 1 1 1 1 1 1 1
24 0 0 3 1 0 0 0 0 10 0 120 40 100 24 1 0 0 1 0 0 0 0 6 6
25 0 3 2 1 1 0 1 2 19 240 360 285 345 25 1 0 0 0 0 1 0 0 6 6
26 0 2 3 1 0 1 1 0 39 240 360 290 350 26 2 1 0 0 1 0 0 0 2 5
27 0 0 3 1 0 1 0 0 46 480 600 485 545 27 3 0 1 0 0 1 0 1 1 4
28 0 1 3 1 1 1 1 3 21 480 600 480 540 28 5 1 0 1 0 1 1 1 1 2
29 0 5 2 0 0 1 0 4 69 480 600 500 560 29 3 0 0 1 0 1 0 1 1 4
30 0 6 1 0 1 0 1 0 45 240 360 280 340 30 2 0 0 0 0 0 1 1 2 5
31 0 0 2 0 1 1 1 4 57 120 240 135 195 31 6 1 1 1 1 1 0 1 1 2
32 0 3 1 0 0 1 0 0 63 480 600 535 595 32 4 1 0 1 0 1 1 0 1 3
33 0 1 2 1 0 0 1 3 18 120 240 125 185 33 7 1 1 1 1 1 1 1 1 1
34 0 4 2 0 1 1 1 1 40 360 480 390 450 34 3 0 0 0 1 1 0 1 1 4
35 0 3 1 0 0 0 1 8 34 120 240 120 180 35 7 1 1 1 1 1 1 1 1 1
36 0 5 1 0 0 1 1 4 67 600 720 625 685 36 4 1 0 1 0 1 0 1 1 3
37 0 5 2 0 0 0 1 2 49 480 600 530 590 37 1 1 0 0 0 0 0 0 6 6
38 0 3 1 0 1 0 1 5 24 120 240 145 205 38 5 0 1 1 1 0 1 1 1 2
39 0 5 1 1 0 1 1 7 71 480 600 490 550 39 1 1 0 0 0 0 0 0 6 6
40 0 5 1 1 0 1 1 0 44 120 240 120 180 40 2 0 0 0 0 1 1 0 2 5
41 0 0 3 0 0 1 0 0 32 0 120 0 60 41 1 0 0 1 0 0 0 0 6 6
42 0 1 3 1 1 0 1 0 31 600 720 615 675 42 6 1 1 1 0 1 1 1 1 2
43 0 1 3 0 0 1 1 0 17 360 480 400 460 43 1 0 0 0 0 1 0 0 6 6
44 0 4 1 0 1 1 1 7 48 360 480 375 435 44 3 1 0 0 0 1 1 0 1 4
45 0 7 1 0 1 0 1 8 88 360 480 400 460 45 2 0 0 0 1 0 1 0 2 5

dist
0 36 13 15 37 38 10 39 41 50 30 30 31 38 49 41 4 43 33 29 42 12 11 25 15 26 21 6 20 23 38 35 27 37 6 49 39 39 17 27 51 34 21 28 11 21 26 46 8 38 43 24 21 33 36 
36 0 23 27 25 3 30 30 5 14 9 18 5 26 13 6 36 36 11 10 6 32 36 12 35 33 15 33 34 29 25 13 9 33 42 13 33 21 27 23 16 36 15 21 36 35 22 16 44 38 9 13 32 22 3 
13 23 0 7 31 24 12 34 28 37 19 18 18 26 36 28 12 34 22 18 29 11 18 14 19 20 7 10 17 16 32 25 15 28 19 36 35 27 15 16 39 33 8 16 18 18 14 32 21 37 31 12 16 21 24 
15 27 7 0 38 28 18 42 31 41 25 16 22 23 39 33 12 28 29 24 32 5 23 21 25 13 12 9 9 9 39 32 21 22 18 39 43 24 22 12 43 41 12 13 23 10 11 33 22 44 36 19 8 18 29 
37 25 31 38 0 28 27 5 27 31 17 39 25 49 33 23 40 59 14 17 29 42 29 19 26 50 28 39 48 45 1 11 20 55 44 32 8 45 20 42 28 14 28 40 29 49 40 41 43 14 23 21 46 44 21 
38 3 24 28 28 0 33 33 4 13 12 17 6 24 11 7 37 34 14 13 4 33 38 15 37 32 17 34 34 29 28 16 12 32 44 11 36 19 30 22 16 39 16 20 38 35 21 13 46 41 10 15 31 21 6 
10 30 12 18 27 33 0 29 35 44 23 30 26 39 44 34 13 46 25 22 37 18 6 18 7 32 18 13 26 28 29 27 21 41 16 43 29 39 7 28 44 25 19 29 6 28 27 43 15 28 37 17 26 34 30 
39 30 34 42 5 33 29 0 32 36 22 44 30 53 39 28 42 64 19 22 34 44 30 23 26 54 32 41 51 49 6 17 25 59 45 38 3 50 22 46 33 10 32 45 30 52 44 46 43 9 28 25 50 49 27 
41 5 28 31 27 4 35 32 0 9 13 21 9 27 8 4 41 38 14 14 2 37 41 17 39 36 20 38 38 33 26 15 14 36 47 8 35 23 32 26 12 39 19 24 41 39 25 14 49 40 6 17 36 25 6 
50 14 37 41 31 13 44 36 9 0 21 29 19 34 4 9 50 44 20 22 8 46 49 25 47 44 29 47 47 41 30 21 23 43 56 3 39 29 40 34 5 45 29 32 49 47 34 16 58 45 8 26 44 32 13 
30 9 19 25 17 12 23 22 13 21 0 21 7 31 21 11 31 41 4 1 15 30 28 5 26 34 13 29 34 30 17 7 4 38 37 20 25 28 19 25 21 27 13 23 28 35 24 25 38 29 13 6 32 26 7 
30 18 18 16 39 17 30 44 21 29 21 0 14 10 26 24 28 20 25 21 20 21 36 20 37 15 13 25 19 13 39 29 18 16 34 26 46 9 31 5 33 47 12 3 36 19 5 17 38 49 27 19 16 5 21 
31 5 18 22 25 6 26 30 9 19 7 14 0 23 18 10 31 34 11 8 10 27 32 9 31 29 10 28 29 25 25 14 6 31 37 17 32 20 24 19 21 35 10 17 32 30 18 18 39 37 13 9 27 19 7 
38 26 26 23 49 24 39 53 27 34 31 10 23 0 30 31 35 10 35 31 26 27 45 30 46 15 23 32 21 15 49 38 28 9 41 31 55 5 41 11 39 57 22 10 45 21 12 18 45 59 33 29 19 5 29 
49 13 36 39 33 11 44 39 8 4 21 26 18 30 0 11 48 40 22 22 7 44 49 25 48 41 28 46 44 38 33 23 22 39 55 1 42 25 40 31 10 47 27 29 49 45 31 12 57 47 10 26 42 28 14 
41 6 28 33 23 7 34 28 4 9 11 24 10 31 11 0 41 42 11 12 6 38 39 15 38 39 21 38 40 35 22 12 13 39 47 10 31 26 30 29 10 36 20 27 39 41 28 18 48 37 3 17 38 28 4 
4 36 12 12 40 37 13 42 41 50 31 28 31 35 48 41 0 39 34 30 41 8 15 26 19 23 20 3 16 20 41 36 28 33 6 48 42 36 20 24 52 38 21 25 15 17 23 44 10 42 44 24 17 30 37 
43 36 34 28 59 34 46 64 38 44 41 20 34 10 40 42 39 0 45 41 36 31 52 40 54 17 32 37 24 19 59 48 38 6 45 41 65 15 49 18 49 66 31 19 52 23 20 28 49 69 44 38 22 15 40 
33 11 22 29 14 14 25 19 14 20 4 25 11 35 22 11 34 45 0 5 16 33 30 8 27 38 17 32 38 34 14 3 8 42 39 21 21 31 20 29 19 25 17 27 30 39 28 27 40 26 12 10 36 30 8 
29 10 18 24 17 13 22 22 14 22 1 21 8 31 22 12 30 41 5 0 16 28 27 3 25 33 12 27 33 29 18 8 3 37 35 22 24 28 18 24 22 27 12 23 27 34 23 25 36 29 15 5 31 26 8 
42 6 29 32 29 4 37 34 2 8 15 20 10 26 7 6 41 36 16 16 0 37 42 18 41 36 21 38 38 32 29 18 15 35 48 7 37 21 33 25 13 41 20 23 42 39 25 12 50 43 8 19 35 24 8 
12 32 11 5 42 33 18 44 37 46 30 21 27 27 44 38 8 31 33 28 37 0 22 25 25 14 17 5 8 12 43 36 26 25 14 44 45 29 24 16 49 42 17 18 22 10 16 38 18 46 41 23 9 22 34 
11 36 18 23 29 38 6 30 41 49 28 36 32 45 49 39 15 52 30 27 42 22 0 24 4 36 24 16 31 33 31 31 26 46 16 49 29 45 9 34 49 24 25 34 0 32 33 49 14 28 42 23 31 40 35 
25 12 14 21 19 15 18 23 17 25 5 20 9 30 25 15 26 40 8 3 18 25 24 0 22 31 9 24 30 26 19 11 3 36 32 25 25 28 15 22 26 26 9 21 24 31 21 27 33 29 18 2 28 25 11 
15 35 19 25 26 37 7 26 39 47 26 37 31 46 48 38 19 54 27 25 41 25 4 22 0 39 24 20 33 35 27 28 25 48 20 47 25 46 7 35 47 20 25 36 4 35 34 49 18 24 40 22 34 41 34 
26 33 20 13 50 32 32 54 36 44 34 15 29 15 41 39 23 17 38 33 36 14 36 31 39 0 22 20 7 4 50 41 30 11 28 42 55 19 36 10 49 54 21 12 36 6 11 32 32 57 42 29 5 13 36 
21 15 7 12 28 17 18 32 20 29 13 13 10 23 28 21 20 32 17 12 21 17 24 9 24 22 0 17 21 17 28 20 9 27 27 28 33 22 18 14 31 33 1 13 24 22 12 25 29 36 24 7 19 18 17 
6 33 10 9 39 34 13 41 38 47 29 25 28 32 46 38 3 37 32 27 38 5 16 24 20 20 17 0 14 17 40 34 25 31 9 45 41 33 19 21 49 38 18 22 16 15 20 41 13 42 41 22 15 27 34 
20 34 17 9 48 34 26 51 38 47 34 19 29 21 44 40 16 24 38 33 38 8 31 30 33 7 21 14 0 6 49 41 30 18 21 45 52 25 31 13 50 50 21 15 31 1 13 36 25 54 43 28 2 18 36 
23 29 16 9 45 29 28 49 33 41 30 13 25 15 38 35 20 19 34 29 32 12 33 26 35 4 17 17 6 0 46 37 26 13 26 39 51 18 31 7 45 50 17 9 33 6 7 30 30 53 38 25 3 12 32 
38 25 32 39 1 28 29 6 26 30 17 39 25 49 33 22 41 59 14 18 29 43 31 19 27 50 28 40 49 46 0 11 21 55 45 32 9 46 22 42 27 15 29 41 31 50 41 40 44 15 22 21 47 44 21 
35 13 25 32 11 16 27 17 15 21 7 29 14 38 23 12 36 48 3 8 18 36 31 11 28 41 20 34 41 37 11 0 11 45 42 22 19 34 21 32 19 24 20 31 31 42 31 29 42 25 13 13 39 34 10 
27 9 15 21 20 12 21 25 14 23 4 18 6 28 22 13 28 38 8 3 15 26 26 3 25 30 9 25 30 26 21 11 0 34 34 22 27 25 18 21 24 29 9 20 26 31 20 24 35 31 16 3 28 23 9 
37 33 28 22 55 32 41 59 36 43 38 16 31 9 39 39 33 6 42 37 35 25 46 36 48 11 27 31 18 13 55 45 34 0 39 40 61 14 44 13 48 61 27 14 46 17 14 27 43 64 42 34 16 11 37 
6 42 19 18 44 44 16 45 47 56 37 34 37 41 55 47 6 45 39 35 48 14 16 32 20 28 27 9 21 26 45 42 34 39 0 55 45 43 23 30 58 40 27 32 16 22 29 51 4 44 50 30 23 36 43 
49 13 36 39 32 11 43 38 8 3 20 26 17 31 1 10 48 41 21 22 7 44 49 25 47 42 28 45 45 39 32 22 22 40 55 0 41 26 40 32 8 46 27 30 49 45 31 13 57 46 9 25 42 29 13 
39 33 35 43 8 36 29 3 35 39 25 46 32 55 42 31 42 65 21 24 37 45 29 25 25 55 33 41 52 51 9 19 27 61 45 41 0 53 22 48 36 7 34 47 29 53 46 49 43 6 31 27 51 50 29 
39 21 27 24 45 19 39 50 23 29 28 9 20 5 25 26 36 15 31 28 21 29 45 28 46 19 22 33 25 18 46 34 25 14 43 26 53 0 40 12 34 54 21 11 45 25 13 13 46 57 29 26 22 6 25 
17 27 15 22 20 30 7 22 32 40 19 31 24 41 40 30 20 49 20 18 33 24 9 15 7 36 18 19 31 31 22 21 18 44 23 40 22 40 0 31 39 18 18 30 9 33 29 42 22 22 32 15 31 35 26 
27 23 16 12 42 22 28 46 26 34 25 5 19 11 31 29 24 18 29 24 25 16 34 22 35 10 14 21 13 7 42 32 21 13 30 32 48 12 31 0 38 48 13 2 34 13 1 23 34 50 32 21 10 6 26 
51 16 39 43 28 16 44 33 12 5 21 33 21 39 10 10 52 49 19 22 13 49 49 26 47 49 31 49 50 45 27 19 24 48 58 8 36 34 39 38 0 42 31 36 49 51 38 22 59 42 7 27 48 37 15 
34 36 33 41 14 39 25 10 39 45 27 47 35 57 47 36 38 66 25 27 41 42 24 26 20 54 33 38 50 50 15 24 29 61 40 46 7 54 18 48 42 0 34 47 24 51 46 52 38 4 37 28 49 51 33 
21 15 8 12 28 16 19 32 19 29 13 12 10 22 27 20 21 31 17 12 20 17 25 9 25 21 1 18 21 17 29 20 9 27 27 27 34 21 18 13 31 34 0 12 25 22 12 24 30 37 23 7 19 17 16 
28 21 16 13 40 20 29 45 24 32 23 3 17 10 29 27 25 19 27 23 23 18 34 21 36 12 13 22 15 9 41 31 20 14 32 30 47 11 30 2 36 47 12 0 34 15 2 21 35 50 30 20 12 5 24 
11 36 18 23 29 38 6 30 41 49 28 36 32 45 49 39 15 52 30 27 42 22 0 24 4 36 24 16 31 33 31 31 26 46 16 49 29 45 9 34 49 24 25 34 0 32 33 49 14 28 42 23 31 40 35 
21 35 18 10 49 35 28 52 39 47 35 19 30 21 45 41 17 23 39 34 39 10 32 31 35 6 22 15 1 6 50 42 31 17 22 45 53 25 33 13 51 51 22 15 32 0 13 36 26 55 44 29 3 18 37 
26 22 14 11 40 21 27 44 25 34 24 5 18 12 31 28 23 20 28 23 25 16 33 21 34 11 12 20 13 7 41 31 20 14 29 31 46 13 29 1 38 46 12 2 33 13 0 23 33 49 31 19 10 7 25 
46 16 32 33 41 13 43 46 14 16 25 17 18 18 12 18 44 28 27 25 12 38 49 27 49 32 25 41 36 30 40 29 24 27 51 13 49 13 42 23 22 52 24 21 49 36 23 0 54 54 19 27 33 18 19 
8 44 21 22 43 46 15 43 49 58 38 38 39 45 57 48 10 49 40 36 50 18 14 33 18 32 29 13 25 30 44 42 35 43 4 57 43 46 22 34 59 38 30 35 14 26 33 54 0 42 51 31 27 40 44 
38 38 37 44 14 41 28 9 40 45 29 49 37 59 47 37 42 69 26 29 43 46 28 29 24 57 36 42 54 53 15 25 31 64 44 46 6 57 22 50 42 4 37 50 28 55 49 54 42 0 37 30 53 54 35 
43 9 31 36 23 10 37 28 6 8 13 27 13 33 10 3 44 44 12 15 8 41 42 18 40 42 24 41 43 38 22 13 16 42 50 9 31 29 32 32 7 37 23 30 42 44 31 19 51 37 0 19 41 31 7 
24 13 12 19 21 15 17 25 17 26 6 19 9 29 26 17 24 38 10 5 19 23 23 2 22 29 7 22 28 25 21 13 3 34 30 25 27 26 15 21 27 28 7 20 23 29 19 27 31 30 19 0 26 24 12 
21 32 16 8 46 31 26 50 36 44 32 16 27 19 42 38 17 22 36 31 35 9 31 28 34 5 19 15 2 3 47 39 28 16 23 42 51 22 31 10 48 49 19 12 31 3 10 33 27 53 41 26 0 15 34 
33 22 21 18 44 21 34 49 25 32 26 5 19 5 28 28 30 15 30 26 24 22 40 25 41 13 18 27 18 12 44 34 23 11 36 29 50 6 35 6 37 51 17 5 40 18 7 18 40 54 31 24 15 0 25 
36 3 24 29 21 6 30 27 6 13 7 21 7 29 14 4 37 40 8 8 8 34 35 11 34 36 17 34 36 32 21 10 9 37 43 13 29 25 26 26 15 33 16 24 35 37 25 19 44 35 7 12 34 25 0 
