Name: Job 1 Pflegekraft 1 nicht ausgeschlossen,Job 7 Frequenz 5 anstatt 6,am So kein Besuch, Job 4,15,23 Sprachkenntnisse modifiziert, Pflegekraft 6, Job 6, NEU: Job 11 Besuch am Tag 5 anstatt am Tag 6
Comment: 1262964142 1269447927
Type: s 
Nurses:6
Workers: 6
Clients: 30
Jobs: 30
Dkws: 0
Related: 0
Synchron: 0

nurses qualification: nr, exclude, qual, language (4), usual shift length, extra 
1 0 3 0 1 1 1 480 1
2 0 3 1 0 0 1 240 1
3 3 2 0 0 0 1 420 1
4 18 2 0 1 0 0 180 1
5 8 1 1 1 1 0 360 1
6 0 1 0 1 0 1 420 1

workers: nr, anurse(7) + bnurse(7), abreak, bbreak, pause, ident, start (unbez.home/depot/bez.home (0,1,2))
1 0 1000 0 1000 0 1000 0 1000 0 1000 0 1000 0 1000 240 360 30 1 1 -1
2 0 1000 0 1000 0 1000 0 1000 0 1000 0 1000 0 1000 240 360 30 2 2 -1
3 0 1000 0 1000 0 1000 0 1000 0 1000 0 1000 0 1000 240 360 30 3 1 -1
4 0 1000 0 1000 0 1000 0 1000 0 1000 0 1000 0 1000 240 360 30 4 0 -1
5 0 1000 0 1000 0 1000 0 1000 0 1000 0 1000 0 1000 240 360 30 5 2 -1
6 0 1000 0 1000 0 1000 0 1000 0 1000 0 1000 0 1000 240 360 30 6 0 -1

jobs: nr, include, exclude, qual, language(4), pref,  duration, a, b, asoft, bsoft, ident, freq, Mo, Di, Mi, Do, Fr, Sa, So, ltl, utl
1 0 0 3 0 1 0 1 2 22 0 120 10 70 1 2 1 0 0 1 0 0 0 2 5
2 0 3 2 1 1 0 1 0 44 600 720 650 710 2 5 1 0 1 1 1 0 1 1 2
3 0 0 1 1 0 0 0 5 45 600 720 655 715 3 3 0 1 0 1 0 0 1 1 4
4 0 1 2 1 1 1 1 0 30 240 360 255 315 4 1 0 0 0 0 0 1 0 6 6
5 0 0 3 0 1 1 1 2 40 360 480 410 470 5 3 1 0 0 1 1 0 0 1 4
6 0 0 2 0 1 0 1 1 21 120 240 140 200 6 7 1 1 1 1 1 1 1 1 1
7 0 0 3 1 0 0 0 0 61 120 240 165 225 7 5 1 1 1 0 1 1 0 1 2
8 0 1 2 1 0 1 1 0 42 600 720 655 715 8 1 0 0 0 0 0 0 1 6 6
9 0 1 2 1 0 0 1 2 41 120 240 140 200 9 1 0 0 0 1 0 0 0 6 6
10 0 3 2 0 1 1 0 1 13 0 120 50 110 10 2 0 0 0 0 1 0 1 2 5
11 0 1 2 1 1 0 0 4 49 360 480 390 450 11 3 0 1 0 1 1 0 0 1 4
12 0 0 3 1 0 0 1 0 31 0 120 10 70 12 7 1 1 1 1 1 1 1 1 1
13 0 4 1 0 1 0 1 3 32 600 720 625 685 13 1 0 0 0 0 1 0 0 6 6
14 0 2 2 0 1 0 1 4 37 360 480 380 440 14 4 0 0 0 1 1 1 1 1 3
15 0 0 2 1 1 0 1 0 39 600 720 640 700 15 4 0 1 1 0 1 1 0 1 3
16 0 2 1 1 1 0 1 0 46 240 360 295 355 16 4 0 0 1 0 1 1 1 1 3
17 0 3 2 0 1 1 0 4 66 120 240 150 210 17 5 1 1 1 0 1 0 1 1 2
18 0 0 3 0 1 1 1 1 37 360 480 390 450 18 7 1 1 1 1 1 1 1 1 1
19 0 2 1 1 0 1 1 6 38 360 480 400 460 19 5 0 1 1 1 1 0 1 1 2
20 0 0 3 1 1 1 0 2 29 0 120 50 110 20 1 0 0 0 0 0 0 1 6 6
21 0 0 3 0 1 1 1 1 71 360 480 400 460 21 3 1 0 0 0 1 1 0 1 4
22 0 0 3 0 1 1 0 1 57 240 360 285 345 22 2 0 1 1 0 0 0 0 2 5
23 0 5 1 1 1 0 1 6 67 360 480 405 465 23 3 1 0 0 0 1 1 0 1 4
24 0 4 1 1 1 0 0 6 58 480 600 535 595 24 5 1 0 1 1 1 0 1 1 2
25 0 2 1 0 0 0 1 6 52 0 120 55 115 25 3 1 1 0 1 0 0 0 1 4
26 0 0 1 1 0 1 0 0 41 600 720 615 675 26 2 0 1 0 0 0 1 0 2 5
27 0 0 1 1 0 0 0 5 43 120 240 120 180 27 2 1 1 0 0 0 0 0 2 5
28 0 0 3 1 0 0 1 0 20 0 120 20 80 28 4 1 1 0 1 0 1 0 1 3
29 0 0 3 0 1 1 0 1 24 120 240 150 210 29 3 0 0 0 1 0 1 1 1 4
30 0 4 1 1 0 1 1 0 55 600 720 650 710 30 2 0 1 0 0 0 0 1 2 5

dist
0 29 61 40 35 51 39 19 38 41 51 33 21 41 58 42 50 34 49 31 41 40 51 19 40 31 20 15 27 45 24 60 36 40 41 22 25 
29 0 35 19 27 33 16 31 8 31 32 26 8 18 30 29 26 21 20 30 11 36 26 13 38 35 25 28 10 16 9 37 7 36 30 30 31 
61 35 0 21 33 17 22 52 28 31 17 34 41 20 8 26 11 29 17 41 28 39 9 42 42 47 46 52 45 19 45 5 33 39 29 49 47 
40 19 21 0 15 14 3 31 16 17 13 16 21 2 20 12 9 9 15 23 18 24 11 21 27 29 25 31 29 12 28 20 21 24 15 28 27 
35 27 33 15 0 18 17 20 28 6 17 2 24 17 35 7 22 6 30 8 31 10 24 21 12 14 15 21 35 26 33 30 31 10 6 16 15 
51 33 17 14 18 0 17 38 29 15 1 20 35 15 22 10 10 17 23 26 30 22 12 34 25 31 33 39 43 22 42 12 34 22 13 35 33 
39 16 22 3 17 17 0 32 13 20 16 18 19 2 20 16 11 11 13 25 14 27 12 20 30 31 25 31 26 9 25 21 17 27 18 29 29 
19 31 52 31 20 38 32 0 38 25 38 18 24 33 52 28 41 23 45 13 41 21 42 18 21 12 7 5 34 40 31 50 38 21 26 3 6 
38 8 28 16 28 29 13 38 0 32 28 28 16 14 22 29 21 22 12 34 3 38 21 20 41 40 31 35 16 9 17 31 5 38 31 36 36 
41 31 31 17 6 15 20 25 32 0 14 8 30 19 35 5 22 10 31 12 34 8 24 27 11 16 21 27 40 29 38 27 36 8 2 21 19 
51 32 17 13 17 1 16 38 28 14 0 19 34 14 22 10 10 16 22 26 29 22 11 33 25 31 32 39 42 21 41 12 33 22 13 34 32 
33 26 34 16 2 20 18 18 28 8 19 0 23 18 36 10 24 7 31 7 31 10 25 19 12 13 13 19 34 27 31 31 31 10 8 14 13 
21 8 41 21 24 35 19 24 16 30 34 23 0 21 37 29 30 20 27 26 19 33 31 5 35 30 18 20 11 23 8 41 15 33 29 23 25 
41 18 20 2 17 15 2 33 14 19 14 18 21 0 19 15 9 11 13 25 16 26 10 22 29 31 26 32 28 9 27 20 19 26 17 30 29 
58 30 8 20 35 22 20 52 22 35 22 36 37 19 0 30 13 29 10 43 21 43 11 39 46 49 45 51 39 14 39 14 27 43 33 49 48 
42 29 26 12 7 10 16 28 29 5 10 10 29 15 30 0 17 9 27 15 31 13 19 27 16 21 23 29 38 24 37 22 33 13 3 24 22 
50 26 11 9 22 10 11 41 21 22 10 24 30 9 13 17 0 17 12 31 21 30 2 31 33 36 34 40 36 12 35 10 26 30 20 38 36 
34 21 29 9 6 17 11 23 22 10 16 7 20 11 29 9 17 0 24 14 24 16 19 18 19 20 17 23 30 20 28 26 25 16 9 20 18 
49 20 17 15 30 23 13 45 12 31 22 31 27 13 10 27 12 24 0 38 11 39 11 30 42 44 38 43 29 4 29 20 17 39 30 42 42 
31 30 41 23 8 26 25 13 34 12 26 7 26 25 43 15 31 14 38 0 37 9 32 21 9 6 11 16 37 34 34 38 36 9 13 9 7 
41 11 28 18 31 30 14 41 3 34 29 31 19 16 21 31 21 24 11 37 0 41 21 23 43 43 34 38 18 9 19 31 5 41 33 39 39 
40 36 39 24 10 22 27 21 38 8 22 10 33 26 43 13 30 16 39 9 41 0 32 29 3 10 20 25 44 36 42 35 41 0 10 18 15 
51 26 9 11 24 12 12 42 21 24 11 25 31 10 11 19 2 19 11 32 21 32 0 32 35 38 36 42 36 12 36 10 26 32 22 39 38 
19 13 42 21 21 34 20 18 20 27 33 19 5 22 39 27 31 18 30 21 23 29 32 0 30 25 13 15 16 26 13 42 20 29 27 18 20 
40 38 42 27 12 25 30 21 41 11 25 12 35 29 46 16 33 19 42 9 43 3 35 30 0 9 20 25 46 39 43 38 44 3 13 18 15 
31 35 47 29 14 31 31 12 40 16 31 13 30 31 49 21 36 20 44 6 43 10 38 25 9 0 13 16 41 40 38 43 42 10 18 9 6 
20 25 46 25 15 33 25 7 31 21 32 13 18 26 45 23 34 17 38 11 34 20 36 13 20 13 0 6 29 33 26 43 31 20 21 5 7 
15 28 52 31 21 39 31 5 35 27 39 19 20 32 51 29 40 23 43 16 38 25 42 15 25 16 6 0 30 38 27 50 35 25 28 7 10 
27 10 45 29 35 43 26 34 16 40 42 34 11 28 39 38 36 30 29 37 18 44 36 16 46 41 29 30 0 25 3 46 12 44 39 34 36 
45 16 19 12 26 22 9 40 9 29 21 27 23 9 14 24 12 20 4 34 9 36 12 26 39 40 33 38 25 0 25 22 14 36 27 38 38 
24 9 45 28 33 42 25 31 17 38 41 31 8 27 39 37 35 28 29 34 19 42 36 13 43 38 26 27 3 25 0 46 13 42 37 31 33 
60 37 5 20 30 12 21 50 31 27 12 31 41 20 14 22 10 26 20 38 31 35 10 42 38 43 43 50 46 22 46 0 36 35 25 46 44 
36 7 33 21 31 34 17 38 5 36 33 31 15 19 27 33 26 25 17 36 5 41 26 20 44 42 31 35 12 14 13 36 0 41 34 37 37 
40 36 39 24 10 22 27 21 38 8 22 10 33 26 43 13 30 16 39 9 41 0 32 29 3 10 20 25 44 36 42 35 41 0 10 18 15 
41 30 29 15 6 13 18 26 31 2 13 8 29 17 33 3 20 9 30 13 33 10 22 27 13 18 21 28 39 27 37 25 34 10 0 22 20 
22 30 49 28 16 35 29 3 36 21 34 14 23 30 49 24 38 20 42 9 39 18 39 18 18 9 5 7 34 38 31 46 37 18 22 0 3 
25 31 47 27 15 33 29 6 36 19 32 13 25 29 48 22 36 18 42 7 39 15 38 20 15 6 7 10 36 38 33 44 37 15 20 3 0 
