Name: Job 49 darf auch von 2 betreut werden, Pf. 9 kann auch Sprache 2, Pf. 8 Qual 1; Job 34, 15, 23, 36 Sprache 1; 
Comment: 1352901665 1352901665;Job 14, 12 Pf.5 erlaubt
Type: s 
Nurses:10
Workers: 10
Clients: 50
Jobs: 50
Dkws: 0 
Related: 0 
Synchron: 0 

nurses qualification: nr, exclude, qual, language (4), usual shift length, extra 
1 39 3 1 0 0 1 480 1
2 33 3 0 0 1 0 180 1
3 27 3 0 0 1 1 240 1
4 46 3 1 0 0 0 360 1
5 21 2 1 0 1 0 180 1
6 30 2 1 1 1 1 300 1
7 36 2 1 0 0 0 180 1
8 15 1 1 1 0 1 180 1
9 22 1 1 1 1 0 180 1
10 42 1 1 1 1 1 240 1

workers: nr, anurse(7) + bnurse(7), abreak, bbreak, pause, ident, start (unbez.home/depot/bez.home (0,1,2))
1 10 490 95 575 75 555 40 520 205 685 65 545 95 575 240 360 30 1 0 -1
2 170 350 395 575 305 485 375 555 135 315 440 620 445 625 240 360 30 2 0 -1
3 320 560 305 545 365 605 15 255 180 420 120 360 170 410 240 360 30 3 0 -1
4 120 480 90 450 330 690 325 685 265 625 15 375 280 640 240 360 30 4 2 -1
5 375 555 260 440 180 360 190 370 305 485 280 460 40 220 240 360 30 5 0 -1
6 230 530 10 310 230 530 300 600 330 630 40 340 150 450 240 360 30 6 0 -1
7 320 500 0 180 275 455 165 345 525 705 175 355 70 250 240 360 30 7 2 -1
8 15 195 110 290 420 600 395 575 295 475 210 390 290 470 240 360 30 8 0 -1
9 135 315 510 690 485 665 410 590 5 185 175 355 440 620 240 360 30 9 2 -1
10 310 550 300 540 415 655 420 660 170 410 400 640 410 650 240 360 30 10 0 -1

jobs: nr, include, exclude, qual, language(4), pref,  duration, a, b, asoft, bsoft, ident, freq, Mo, Di, Mi, Do, Fr, Sa, So, ltl, utl
1 0 5 2 1 0 1 0 2 56 600 720 610 670 1 7 1 1 1 1 1 1 1 1 1
2 0 1 3 0 0 1 0 3 45 120 240 160 220 2 5 1 1 1 0 1 1 0 1 2
3 0 0 3 0 0 0 1 3 63 600 720 635 695 3 3 1 0 0 1 0 0 1 1 4
4 0 5 2 0 1 0 1 8 22 120 240 135 195 4 1 1 0 0 0 0 0 0 6 6
5 0 4 1 1 1 1 0 6 59 240 360 285 345 5 7 1 1 1 1 1 1 1 1 1
6 0 5 1 0 1 0 0 8 52 240 360 265 325 6 2 1 0 0 0 0 0 1 2 5
7 0 1 3 1 0 1 1 0 34 600 720 655 715 7 6 1 1 0 1 1 1 1 1 2
8 0 5 1 0 1 0 1 8 41 480 600 480 540 8 5 0 1 1 1 1 1 0 1 2
9 0 2 2 0 1 1 0 8 47 600 720 635 695 9 1 0 0 0 0 0 0 1 6 6
10 0 0 3 1 0 1 1 1 16 360 480 360 420 10 5 1 1 1 1 0 0 1 1 2
11 0 5 2 1 0 1 1 1 43 480 600 530 590 11 1 0 0 0 1 0 0 0 6 6
12 0 0 2 0 1 1 1 2 44 120 240 120 180 12 4 1 1 0 0 1 1 0 1 3
13 0 2 3 0 0 1 0 3 19 120 240 120 180 13 5 0 0 1 1 1 1 1 1 2
14 0 0 2 0 0 1 0 3 59 120 240 150 210 14 6 1 1 1 1 1 0 1 1 2
15 0 5 2 1 1 0 0 8 33 360 480 375 435 15 2 1 1 0 0 0 0 0 2 5
16 0 5 1 0 0 0 1 8 35 600 720 650 710 16 1 0 0 1 0 0 0 0 6 6
17 0 5 2 0 0 1 1 3 39 0 120 25 85 17 4 1 0 1 1 0 0 1 1 3
18 0 0 2 0 1 0 1 8 40 480 600 510 570 18 3 0 0 1 0 1 1 0 1 4
19 0 4 1 0 1 1 1 0 70 0 120 20 80 19 6 1 1 1 0 1 1 1 1 2
20 0 1 3 0 1 1 1 2 14 600 720 620 680 20 6 1 1 1 1 0 1 1 1 2
21 0 7 1 0 1 0 1 0 74 480 600 515 575 21 7 1 1 1 1 1 1 1 1 1
22 0 9 1 1 0 1 0 8 65 360 480 415 475 22 6 1 0 1 1 1 1 1 1 2
23 0 0 2 1 0 0 1 6 43 360 480 390 450 23 6 1 1 1 1 0 1 1 1 2
24 0 4 1 1 0 0 1 8 42 600 720 615 675 24 3 0 1 0 1 0 1 0 1 4
25 0 9 1 1 1 1 0 6 77 240 360 245 305 25 4 0 1 1 1 0 1 0 1 3
26 0 0 2 1 0 1 1 4 48 240 360 280 340 26 5 1 1 1 0 0 1 1 1 2
27 0 0 3 1 0 1 1 0 34 120 240 165 225 27 1 0 0 0 0 0 1 0 6 6
28 0 5 1 0 0 0 1 8 25 360 480 405 465 28 4 0 1 0 1 0 1 1 1 3
29 0 8 1 1 0 0 0 5 50 600 720 615 675 29 7 1 1 1 1 1 1 1 1 1
30 0 3 3 1 1 0 0 1 34 120 240 155 215 30 6 1 1 1 1 0 1 1 1 2
31 0 8 1 1 0 0 0 5 36 0 120 40 100 31 2 1 0 0 0 0 1 0 2 5
32 0 5 1 0 0 1 0 9 34 600 720 630 690 32 5 1 0 1 1 1 1 0 1 2
33 0 0 2 0 0 1 1 0 39 360 480 420 480 33 5 1 1 1 0 1 0 1 1 2
34 0 0 2 1 0 0 1 6 36 600 720 610 670 34 7 1 1 1 1 1 1 1 1 1
35 0 4 2 1 0 1 0 8 39 0 120 0 60 35 3 0 0 1 0 1 1 0 1 4
36 0 7 2 1 1 0 0 8 35 360 480 390 450 36 7 1 1 1 1 1 1 1 1 1
37 0 0 3 1 1 1 0 3 10 240 360 265 325 37 1 0 0 0 0 1 0 0 6 6
38 0 4 2 0 1 1 1 1 10 480 600 530 590 38 1 1 0 0 0 0 0 0 6 6
39 0 0 3 0 0 1 1 1 40 600 720 620 680 39 7 1 1 1 1 1 1 1 1 1
40 0 0 3 1 1 1 1 1 21 120 240 120 180 40 3 0 1 1 1 0 0 0 1 4
41 0 6 1 1 0 1 1 7 33 240 360 270 330 41 6 1 1 0 1 1 1 1 1 2
42 0 3 3 1 0 0 0 0 22 240 360 295 355 42 4 0 0 1 1 1 1 0 1 3
43 0 3 3 1 1 0 0 4 47 0 120 55 115 43 6 1 1 1 1 0 1 1 1 2
44 0 4 1 1 1 1 1 7 38 480 600 530 590 44 2 1 0 0 1 0 0 0 2 5
45 0 0 3 0 0 1 1 3 29 600 720 610 670 45 2 0 0 1 0 0 0 1 2 5
46 0 5 1 1 0 0 0 10 35 480 600 505 565 46 3 0 1 0 0 1 1 0 1 4
47 0 7 2 1 0 1 1 8 30 480 600 480 540 47 6 1 0 1 1 1 1 1 1 2
48 0 5 1 1 1 1 0 7 51 480 600 510 570 48 7 1 1 1 1 1 1 1 1 1
49 0 0 3 0 0 1 0 0 26 120 240 155 215 49 7 1 1 1 1 1 1 1 1 1
50 0 2 3 1 1 1 1 0 21 600 720 645 705 50 5 1 0 1 1 1 1 0 1 2

dist
0 40 31 27 25 38 27 7 18 40 47 33 45 18 13 43 39 45 12 49 38 31 29 8 10 25 40 42 7 22 38 41 40 45 17 23 17 22 22 22 33 50 8 18 35 19 37 21 14 22 41 15 48 4 28 34 25 25 48 25 45 
40 0 28 14 45 10 17 35 30 5 29 16 8 38 40 33 8 12 40 33 9 17 15 36 48 32 32 32 46 43 24 28 13 5 41 46 28 54 23 29 19 16 37 27 16 24 20 50 28 18 15 26 16 39 13 7 24 39 14 29 16 
31 28 0 26 20 19 31 32 13 24 53 35 37 43 41 54 33 24 40 57 33 35 14 33 42 43 52 53 39 48 45 49 18 33 20 50 15 53 12 38 39 27 23 14 13 15 42 50 29 23 17 19 25 28 19 22 8 13 26 40 43 
27 14 26 0 38 17 5 21 21 16 27 9 18 24 26 27 12 23 25 30 11 8 13 21 34 19 25 26 31 29 18 22 20 18 31 32 18 39 16 15 12 28 25 18 19 15 15 36 13 5 22 14 27 27 8 10 19 32 26 16 19 
25 45 20 38 0 38 41 30 16 42 64 47 53 43 38 62 48 44 37 67 48 46 30 32 35 47 60 62 32 47 55 59 38 50 8 48 20 47 22 43 49 47 18 20 32 23 53 46 32 33 37 24 45 21 33 38 21 7 46 45 57 
38 10 19 17 38 0 21 34 24 5 38 23 18 41 41 41 17 7 41 42 17 24 9 36 47 37 40 40 45 46 32 36 4 14 35 48 23 55 17 32 27 12 33 21 6 19 28 52 28 17 6 22 10 36 10 7 17 31 10 33 25 
27 17 31 5 41 21 0 20 24 20 23 6 19 21 23 22 13 27 23 26 11 5 18 20 32 15 20 21 30 25 14 18 25 20 34 28 21 36 20 11 8 32 26 21 24 18 12 32 13 8 27 17 31 27 13 14 23 36 30 12 18 
7 35 32 21 30 34 20 0 19 36 39 26 39 12 9 35 32 41 8 42 31 24 26 2 13 18 32 35 10 17 31 33 37 39 21 19 16 21 21 14 26 46 12 17 32 17 30 18 7 17 38 13 45 9 24 29 24 28 44 17 38 
18 30 13 21 16 24 24 19 0 28 48 30 37 31 28 47 32 31 27 51 31 29 15 21 29 33 44 46 25 36 39 43 25 35 11 38 3 39 7 28 33 35 10 3 19 6 36 37 17 16 25 8 33 15 17 23 8 11 33 30 40 
40 5 24 16 42 5 20 36 28 0 34 20 13 41 42 38 13 7 41 38 14 21 13 37 49 35 37 37 46 45 29 33 8 9 39 48 26 55 21 31 24 12 36 25 11 22 25 52 29 18 10 25 11 39 12 6 21 35 9 32 21 
47 29 53 27 64 38 23 39 48 34 0 17 23 33 38 7 21 41 38 4 20 18 39 38 48 23 9 6 48 34 8 6 42 28 57 36 44 47 43 25 14 45 48 44 43 41 11 43 34 31 44 40 45 48 34 32 46 59 43 22 14 
33 16 35 9 47 23 6 26 30 20 17 0 15 25 28 18 9 27 28 21 7 2 21 26 37 16 17 17 36 28 9 13 27 17 40 31 27 40 25 14 4 32 32 27 26 24 6 36 19 14 29 23 31 33 16 16 28 41 30 14 12 
45 8 37 18 53 18 19 39 37 13 23 15 0 39 42 27 6 18 42 27 7 17 23 39 51 31 27 26 49 43 19 23 21 5 48 46 34 55 30 29 17 22 43 33 24 30 16 51 31 23 23 32 22 45 19 14 32 47 20 29 9 
18 38 43 24 43 41 21 12 31 41 33 25 39 0 5 27 33 48 6 34 32 22 34 10 15 10 24 27 16 5 26 27 44 42 34 7 28 15 31 10 23 53 24 29 41 28 26 11 14 23 46 24 51 21 30 35 35 41 50 11 36 
13 40 41 26 38 41 23 9 28 42 38 28 42 5 0 33 36 48 1 40 35 26 34 7 10 15 30 32 10 8 31 32 45 44 30 10 25 13 29 14 27 53 20 26 40 26 31 10 13 24 46 22 52 17 31 36 33 37 51 16 40 
43 33 54 27 62 41 22 35 47 38 7 18 27 27 33 0 25 45 33 7 24 18 40 34 43 18 3 1 43 28 9 5 45 32 55 30 43 41 43 21 14 49 46 43 45 41 13 37 31 31 47 39 49 45 35 34 46 58 47 18 19 
39 8 33 12 48 17 13 32 32 13 21 9 6 33 36 25 0 20 36 25 1 11 19 33 45 26 24 24 43 37 16 20 20 8 43 40 29 49 25 23 12 24 37 28 22 25 12 45 25 17 23 26 24 39 15 11 28 42 22 23 9 
45 12 24 23 44 7 27 41 31 7 41 27 18 48 48 45 20 0 48 45 21 29 16 43 54 42 44 44 52 52 36 40 6 13 41 55 30 62 24 38 31 5 40 28 12 26 32 58 35 24 7 30 4 43 17 13 23 37 2 39 27 
12 40 40 25 37 41 23 8 27 41 38 28 42 6 1 33 36 48 0 40 34 25 33 6 10 15 30 33 9 9 31 32 44 43 29 11 24 14 28 14 27 53 19 25 39 25 31 11 12 23 45 21 51 16 30 35 32 36 50 16 39 
49 33 57 30 67 42 26 42 51 38 4 21 27 34 40 7 25 45 40 0 25 22 43 41 50 24 10 7 50 35 12 8 46 32 60 37 48 48 47 27 18 49 51 48 47 45 15 44 36 35 48 43 49 51 38 36 50 62 47 24 18 
38 9 33 11 48 17 11 31 31 14 20 7 7 32 35 24 1 21 34 25 0 9 19 32 43 24 23 23 42 36 15 19 21 10 42 39 28 48 25 22 11 25 36 28 22 25 11 44 24 16 23 25 25 38 15 11 27 42 23 21 9 
31 17 35 8 46 24 5 24 29 21 18 2 17 22 26 18 11 29 25 22 9 0 22 24 35 14 16 17 34 26 10 13 28 19 39 29 26 38 25 12 3 33 31 26 27 23 7 34 17 13 30 22 33 32 16 17 28 41 31 12 14 
29 15 14 13 30 9 18 26 15 13 39 21 23 34 34 40 19 16 33 43 19 22 0 27 38 32 38 39 36 39 31 35 11 20 26 42 13 47 8 27 25 21 23 12 6 9 28 44 20 11 12 13 19 27 5 8 8 23 19 29 29 
8 36 33 21 32 36 20 2 21 37 38 26 39 10 7 34 33 43 6 41 32 24 27 0 12 17 31 34 10 15 30 32 38 40 23 17 18 19 22 13 26 48 13 19 34 19 30 17 8 18 39 15 46 11 25 30 26 30 46 16 38 
10 48 42 34 35 47 32 13 29 49 48 37 51 15 10 43 45 54 10 50 43 35 38 12 0 25 40 43 3 17 41 42 50 52 27 16 27 12 32 24 37 59 18 28 45 29 41 12 20 30 50 25 58 14 37 42 36 35 57 26 49 
25 32 43 19 47 37 15 18 33 35 23 16 31 10 15 18 26 42 15 24 24 14 32 17 25 0 14 17 25 12 16 17 40 34 39 14 29 25 31 5 14 47 29 30 38 28 17 20 15 21 42 25 47 28 27 30 35 44 45 3 26 
40 32 52 25 60 40 20 32 44 37 9 17 27 24 30 3 24 44 30 10 23 16 38 31 40 14 0 3 40 25 8 5 44 32 52 27 40 38 40 18 13 48 43 41 43 38 12 34 28 29 46 36 48 42 33 33 44 55 46 15 19 
42 32 53 26 62 40 21 35 46 37 6 17 26 27 32 1 24 44 33 7 23 17 39 34 43 17 3 0 43 28 8 4 44 31 54 30 42 41 42 20 13 48 45 42 44 40 12 37 30 30 46 38 48 44 34 33 45 57 46 17 18 
7 46 39 31 32 45 30 10 25 46 48 36 49 16 10 43 43 52 9 50 42 34 36 10 3 25 40 43 0 18 40 41 47 50 24 18 24 15 29 23 36 57 15 25 42 26 40 14 18 28 48 22 55 11 34 40 33 32 55 25 48 
22 43 48 29 47 46 25 17 36 45 34 28 43 5 8 28 37 52 9 35 36 26 39 15 17 12 25 28 18 0 28 28 49 46 38 2 33 13 36 14 26 57 29 34 46 33 29 9 19 28 50 29 56 26 35 39 40 45 55 14 38 
38 24 45 18 55 32 14 31 39 29 8 9 19 26 31 9 16 36 31 12 15 10 31 30 41 16 8 8 40 28 0 4 36 24 48 30 36 41 35 17 6 40 40 36 36 33 4 37 25 23 38 31 40 40 26 25 38 50 38 15 12 
41 28 49 22 59 36 18 33 43 33 6 13 23 27 32 5 20 40 32 8 19 13 35 32 42 17 5 4 41 28 4 0 40 27 51 30 39 41 38 18 10 44 43 39 40 37 8 37 28 27 42 35 44 42 30 29 42 54 42 16 14 
40 13 18 20 38 4 25 37 25 8 42 27 21 44 45 45 20 6 44 46 21 28 11 38 50 40 44 44 47 49 36 40 0 17 35 52 24 58 18 36 31 9 34 23 6 21 32 55 31 21 2 25 8 38 13 11 17 31 8 37 29 
45 5 33 18 50 14 20 39 35 9 28 17 5 42 44 32 8 13 43 32 10 19 20 40 52 34 32 31 50 46 24 27 17 0 46 48 33 57 28 31 21 17 42 32 20 29 20 53 32 22 19 31 17 44 18 12 29 44 15 31 14 
17 41 20 31 8 35 34 21 11 39 57 40 48 34 30 55 43 41 29 60 42 39 26 23 27 39 52 54 24 38 48 51 35 46 0 40 13 39 18 34 42 45 9 14 29 17 46 38 24 26 35 17 43 13 28 34 18 8 43 37 51 
23 46 50 32 48 48 28 19 38 48 36 31 46 7 10 30 40 55 11 37 39 29 42 17 16 14 27 30 18 2 30 30 52 48 40 0 35 11 38 16 29 60 30 36 48 35 32 7 21 31 53 31 59 27 38 42 42 47 58 17 41 
17 28 15 18 20 23 21 16 3 26 44 27 34 28 25 43 29 30 24 48 28 26 13 18 27 29 40 42 24 33 36 39 24 33 13 35 0 37 5 24 29 34 10 1 18 4 33 35 14 13 24 4 32 14 15 21 8 15 32 27 37 
22 54 53 39 47 55 36 21 39 55 47 40 55 15 13 41 49 62 14 48 48 38 47 19 12 25 38 41 15 13 41 41 58 57 39 11 37 0 42 25 39 67 30 39 54 39 42 4 27 37 59 34 65 26 44 49 46 47 65 26 51 
22 23 12 16 22 17 20 21 7 21 43 25 30 31 29 43 25 24 28 47 25 25 8 22 32 31 40 42 29 36 35 38 18 28 18 38 5 42 0 26 28 28 16 4 13 3 31 39 17 11 18 7 26 20 10 16 4 16 26 28 34 
22 29 38 15 43 32 11 14 28 31 25 14 29 10 14 21 23 38 14 27 22 12 27 13 24 5 18 20 23 14 17 18 36 31 34 16 24 25 26 0 13 43 25 25 33 23 17 21 10 16 37 20 42 24 22 25 30 39 41 2 25 
33 19 39 12 49 27 8 26 33 24 14 4 17 23 27 14 12 31 27 18 11 3 25 26 37 14 13 13 36 26 6 10 31 21 42 29 29 39 28 13 0 36 34 29 30 26 4 34 19 17 33 25 35 34 20 20 31 44 33 12 12 
50 16 27 28 47 12 32 46 35 12 45 32 22 53 53 49 24 5 53 49 25 33 21 48 59 47 48 48 57 57 40 44 9 17 45 60 34 67 28 43 36 0 44 33 15 30 36 63 40 29 10 34 2 48 22 18 27 40 2 44 31 
8 37 23 25 18 33 26 12 10 36 48 32 43 24 20 46 37 40 19 51 36 31 23 13 18 29 43 45 15 29 40 43 34 42 9 30 10 30 16 25 34 44 0 11 29 13 38 29 15 20 34 11 42 4 24 30 18 17 42 28 44 
18 27 14 18 20 21 21 17 3 25 44 27 33 29 26 43 28 28 25 48 28 26 12 19 28 30 41 42 25 34 36 39 23 32 14 36 1 39 4 25 29 33 11 0 17 3 33 36 15 12 23 5 31 15 14 20 7 14 31 27 37 
35 16 13 19 32 6 24 32 19 11 43 26 24 41 40 45 22 12 39 47 22 27 6 34 45 38 43 44 42 46 36 40 6 20 29 48 18 54 13 33 30 15 29 17 0 15 32 51 27 17 5 19 13 33 11 11 11 25 14 35 31 
19 24 15 15 23 19 18 17 6 22 41 24 30 28 26 41 25 26 25 45 25 23 9 19 29 28 38 40 26 33 33 37 21 29 17 35 4 39 3 23 26 30 13 3 15 0 30 36 14 9 21 4 29 17 11 17 7 17 29 25 34 
37 20 42 15 53 28 12 30 36 25 11 6 16 26 31 13 12 32 31 15 11 7 28 30 41 17 12 12 40 29 4 8 32 20 46 32 33 42 31 17 4 36 38 33 32 30 0 38 24 20 34 29 36 38 22 21 35 48 34 15 9 
21 50 50 36 46 52 32 18 37 52 43 36 51 11 10 37 45 58 11 44 44 34 44 17 12 20 34 37 14 9 37 37 55 53 38 7 35 4 39 21 34 63 29 36 51 36 38 0 23 34 56 32 62 25 41 46 43 46 61 22 47 
14 28 29 13 32 28 13 7 17 29 34 19 31 14 13 31 25 35 12 36 24 17 20 8 20 15 28 30 18 19 25 28 31 32 24 21 14 27 17 10 19 40 15 15 27 14 24 23 0 10 32 10 38 14 17 22 21 28 38 13 31 
22 18 23 5 33 17 8 17 16 18 31 14 23 23 24 31 17 24 23 35 16 13 11 18 30 21 29 30 28 28 23 27 21 22 26 31 13 37 11 16 17 29 20 12 17 9 20 34 10 0 22 9 28 22 7 12 15 27 27 18 24 
41 15 17 22 37 6 27 38 25 10 44 29 23 46 46 47 23 7 45 48 23 30 12 39 50 42 46 46 48 50 38 42 2 19 35 53 24 59 18 37 33 10 34 23 5 21 34 56 32 22 0 25 8 38 15 13 17 30 9 39 31 
15 26 19 14 24 22 17 13 8 25 40 23 32 24 22 39 26 30 21 43 25 22 13 15 25 25 36 38 22 29 31 35 25 31 17 31 4 34 7 20 25 34 11 5 19 4 29 32 10 9 25 0 33 13 13 19 11 19 32 22 34 
48 16 25 27 45 10 31 45 33 11 45 31 22 51 52 49 24 4 51 49 25 33 19 46 58 47 48 48 55 56 40 44 8 17 43 59 32 65 26 42 35 2 42 31 13 29 36 62 38 28 8 33 0 46 21 17 25 38 2 43 31 
4 39 28 27 21 36 27 9 15 39 48 33 45 21 17 45 39 43 16 51 38 32 27 11 14 28 42 44 11 26 40 42 38 44 13 27 14 26 20 24 34 48 4 15 33 17 38 25 14 22 38 13 46 0 27 33 22 21 46 27 45 
28 13 19 8 33 10 13 24 17 12 34 16 19 30 31 35 15 17 30 38 15 16 5 25 37 27 33 34 34 35 26 30 13 18 28 38 15 44 10 22 20 22 24 14 11 11 22 41 17 7 15 13 21 27 0 6 12 27 20 24 24 
34 7 22 10 38 7 14 29 23 6 32 16 14 35 36 34 11 13 35 36 11 17 8 30 42 30 33 33 40 39 25 29 11 12 34 42 21 49 16 25 20 18 30 20 11 17 21 46 22 12 13 19 17 33 6 0 17 32 15 26 20 
25 24 8 19 21 17 23 24 8 21 46 28 32 35 33 46 28 23 32 50 27 28 8 26 36 35 44 45 33 40 38 42 17 29 18 42 8 46 4 30 31 27 18 7 11 7 35 43 21 15 17 11 25 22 12 17 0 14 25 32 37 
25 39 13 32 7 31 36 28 11 35 59 41 47 41 37 58 42 37 36 62 42 41 23 30 35 44 55 57 32 45 50 54 31 44 8 47 15 47 16 39 44 40 17 14 25 17 48 46 28 27 30 19 38 21 27 32 14 0 39 42 51 
48 14 26 26 46 10 30 44 33 9 43 30 20 50 51 47 22 2 50 47 23 31 19 46 57 45 46 46 55 55 38 42 8 15 43 58 32 65 26 41 33 2 42 31 14 29 34 61 38 27 9 32 2 46 20 15 25 39 0 42 29 
25 29 40 16 45 33 12 17 30 32 22 14 29 11 16 18 23 39 16 24 21 12 29 16 26 3 15 17 25 14 15 16 37 31 37 17 27 26 28 2 12 44 28 27 35 25 15 22 13 18 39 22 43 27 24 26 32 42 42 0 24 
45 16 43 19 57 25 18 38 40 21 14 12 9 36 40 19 9 27 39 18 9 14 29 38 49 26 19 18 48 38 12 14 29 14 51 41 37 51 34 25 12 31 44 37 31 34 9 47 31 24 31 34 31 45 24 20 37 51 29 24 0 
