Name: Pf 7 und 9 können Sprache 4, Job 25 kann Sprache 3
Comment: 1354093968 1354093968
Type: s 
Nurses:9
Workers: 9
Clients: 45
Jobs: 45
Dkws: 0 
Related: 0 
Synchron: 0 

nurses qualification: nr, exclude, qual, language (4), usual shift length, extra 
1 27 3 0 0 1 1 420 1
2 42 3 1 0 0 0 420 1
3 2 3 1 1 1 0 300 1
4 39 2 1 0 0 1 480 1
5 15 2 0 1 0 1 480 1
6 8 2 1 0 1 1 300 1
7 29 1 1 0 1 1 180 1
8 20 1 1 1 1 0 420 1
9 27 1 1 1 0 1 480 1

workers: nr, anurse(7) + bnurse(7), abreak, bbreak, pause, ident, start (unbez.home/depot/bez.home (0,1,2))
1 155 575 15 435 280 700 275 695 35 455 110 530 225 645 240 360 30 1 1 -1
2 225 645 185 605 90 510 220 640 220 640 35 455 150 570 240 360 30 2 0 -1
3 15 315 30 330 275 575 260 560 235 535 30 330 330 630 240 360 30 3 1 -1
4 160 640 115 595 160 640 50 530 210 690 175 655 0 480 240 360 30 4 0 -1
5 185 665 60 540 235 715 180 660 85 565 20 500 55 535 240 360 30 5 1 -1
6 240 540 405 705 0 300 405 705 115 415 385 685 75 375 240 360 30 6 1 -1
7 290 470 100 280 50 230 65 245 200 380 170 350 445 625 240 360 30 7 1 -1
8 290 710 170 590 190 610 70 490 85 505 65 485 215 635 240 360 30 8 1 -1
9 75 555 230 710 120 600 90 570 165 645 30 510 200 680 240 360 30 9 2 -1

jobs: nr, include, exclude, qual, language(4), pref,  duration, a, b, asoft, bsoft, ident, freq, Mo, Di, Mi, Do, Fr, Sa, So, ltl, utl
1 0 5 1 0 1 0 1 8 59 360 480 365 425 1 4 0 1 1 0 0 1 1 1 3
2 0 1 3 1 1 1 0 2 52 0 120 35 95 2 6 1 1 1 0 1 1 1 1 2
3 0 2 3 1 1 1 0 1 15 360 480 405 465 3 5 0 1 0 1 1 1 1 1 2
4 0 5 2 0 0 0 1 1 30 600 720 600 660 4 3 0 0 0 1 1 1 0 1 4
5 0 2 2 1 1 0 1 5 45 120 240 175 235 5 2 0 1 1 0 0 0 0 2 5
6 0 0 3 0 1 0 1 0 41 120 240 180 240 6 4 1 0 1 0 0 1 1 1 3
7 0 2 3 1 1 1 0 1 22 600 720 610 670 7 4 1 1 0 1 0 0 1 1 3
8 0 5 1 1 0 1 1 7 62 240 360 290 350 8 1 1 0 0 0 0 0 0 6 6
9 0 0 3 1 1 0 1 2 29 360 480 405 465 9 1 0 0 0 1 0 0 0 6 6
10 0 0 3 1 1 1 0 2 32 600 720 600 660 10 5 1 0 0 1 1 1 1 1 2
11 0 2 2 0 0 1 1 4 69 600 720 660 720 11 6 0 1 1 1 1 1 1 1 2
12 0 8 1 0 1 1 1 6 76 360 480 365 425 12 4 0 1 0 1 1 0 1 1 3
13 0 3 2 0 0 0 1 1 51 360 480 370 430 13 4 1 1 0 0 1 0 1 1 3
14 0 2 3 1 0 1 0 3 45 120 240 120 180 14 4 0 1 1 0 1 1 0 1 3
15 0 0 3 0 1 1 1 1 26 600 720 640 700 15 7 1 1 1 1 1 1 1 1 1
16 0 7 1 0 1 0 0 8 47 360 480 370 430 16 3 1 0 0 0 1 0 1 1 4
17 0 0 3 0 0 0 1 0 36 360 480 410 470 17 4 1 0 1 0 1 1 0 1 3
18 0 1 2 1 0 0 0 4 9 0 120 30 90 18 3 0 0 1 1 0 1 0 1 4
19 0 1 2 1 1 1 0 4 30 240 360 265 325 19 4 0 1 1 1 1 0 0 1 3
20 0 2 2 0 1 0 0 5 29 600 720 610 670 20 1 0 1 0 0 0 0 0 6 6
21 0 0 3 0 0 1 0 3 31 240 360 275 335 21 1 0 0 0 0 0 1 0 6 6
22 0 0 3 0 0 1 0 0 48 480 600 495 555 22 5 1 1 0 1 1 0 1 1 2
23 0 2 2 1 0 0 0 4 23 360 480 415 475 23 7 1 1 1 1 1 1 1 1 1
24 0 0 3 1 0 1 1 3 31 0 120 30 90 24 1 0 0 1 0 0 0 0 6 6
25 0 0 3 0 1 1 0 0 24 360 480 400 460 25 7 1 1 1 1 1 1 1 1 1
26 0 0 3 1 1 1 1 2 30 360 480 400 460 26 6 1 1 1 1 0 1 1 1 2
27 0 2 3 0 1 0 1 0 45 360 480 375 435 27 6 1 1 1 1 0 1 1 1 2
28 0 8 1 0 1 1 1 7 45 120 240 130 190 28 4 0 1 1 0 1 0 1 1 3
29 0 8 1 1 0 1 0 7 51 240 360 295 355 29 2 0 1 0 1 0 0 0 2 5
30 0 6 1 1 1 1 1 9 36 120 240 150 210 30 1 1 0 0 0 0 0 0 6 6
31 0 4 2 0 1 0 1 5 29 600 720 645 705 31 5 1 1 1 1 1 0 0 1 2
32 0 3 1 0 1 0 1 5 45 120 240 135 195 32 7 1 1 1 1 1 1 1 1 1
33 0 2 2 1 0 0 1 4 5 0 120 10 70 33 5 1 1 0 1 1 0 1 1 2
34 0 7 1 0 1 0 0 8 50 0 120 45 105 34 1 0 0 0 0 0 1 0 6 6
35 0 5 2 0 0 1 0 3 44 480 600 515 575 35 1 0 0 0 0 0 0 1 6 6
36 0 2 2 0 1 0 0 0 33 600 720 655 715 36 3 0 1 1 0 0 1 0 1 4
37 0 0 2 0 1 1 0 1 42 120 240 125 185 37 4 1 0 1 0 1 1 0 1 3
38 0 3 2 1 0 1 0 6 34 0 120 5 65 38 7 1 1 1 1 1 1 1 1 1
39 0 5 1 0 1 1 1 7 56 120 240 125 185 39 6 1 1 1 0 1 1 1 1 2
40 0 4 2 0 1 1 0 6 36 240 360 245 305 40 3 1 0 0 1 1 0 0 1 4
41 0 8 1 1 0 1 0 7 16 0 120 30 90 41 1 0 0 0 1 0 0 0 6 6
42 0 3 1 0 0 0 1 0 20 600 720 620 680 42 4 1 1 1 0 0 0 1 1 3
43 0 4 1 1 1 1 0 9 40 120 240 130 190 43 4 0 0 1 0 1 1 1 1 3
44 0 7 1 0 0 1 0 6 52 480 600 500 560 44 1 0 0 0 0 0 1 0 6 6
45 0 5 1 0 0 0 1 6 51 480 600 490 550 45 3 0 1 1 0 0 0 1 1 4

dist
0 35 28 8 36 33 17 40 8 36 12 4 12 9 32 41 37 34 37 15 33 12 29 9 43 24 28 17 38 38 32 17 20 38 41 23 15 8 29 38 25 43 27 26 20 12 37 18 13 20 12 37 44 36 16 
35 0 16 42 38 3 30 11 38 23 33 40 25 28 14 17 3 5 10 38 28 26 42 38 8 12 27 29 27 8 3 37 32 28 25 27 27 31 8 16 23 17 9 32 19 43 10 26 45 15 47 29 19 8 21 
28 16 0 36 46 13 16 27 34 35 21 32 16 19 4 33 16 20 10 24 12 16 46 34 25 8 34 30 39 24 14 37 34 14 38 11 14 21 9 31 7 33 10 37 8 31 10 12 32 10 37 40 35 24 12 
8 42 36 0 33 40 26 45 4 38 20 7 20 18 40 45 44 40 45 23 42 20 25 5 49 32 28 17 38 42 38 13 18 47 43 32 24 17 37 42 34 47 34 24 28 17 45 27 17 28 12 36 47 41 24 
36 38 46 33 0 39 47 32 29 17 45 38 38 38 47 27 42 34 48 50 57 39 10 28 39 37 12 19 14 33 37 19 16 61 20 51 43 40 40 25 49 30 37 10 41 48 48 45 49 36 45 11 29 31 38 
33 3 13 40 39 0 27 14 37 25 31 38 23 26 11 20 4 7 8 35 25 23 42 37 11 9 28 28 29 11 2 36 32 25 27 24 24 29 5 18 20 20 6 32 16 41 8 23 42 13 45 31 22 11 18 
17 30 16 26 47 27 0 39 25 42 6 19 9 9 20 43 31 32 26 8 16 8 44 26 39 18 37 28 45 36 27 32 32 22 46 7 4 9 22 40 10 44 21 37 10 16 26 4 17 16 23 45 45 35 11 
40 11 27 45 32 14 39 0 41 15 41 45 32 35 25 7 13 7 21 46 39 33 39 40 7 20 23 29 19 3 13 36 31 39 15 37 35 38 18 7 33 6 18 29 28 50 21 35 51 23 52 22 8 4 28 
8 38 34 4 29 37 25 41 0 33 20 9 18 16 37 40 41 36 42 24 40 19 22 1 45 29 24 13 34 39 35 10 14 46 38 31 23 16 34 38 32 43 31 20 26 19 42 26 20 25 15 32 43 37 21 
36 23 35 38 17 25 42 15 33 0 42 40 33 35 34 10 26 18 33 47 47 34 25 33 22 26 10 20 4 16 23 26 20 49 5 43 38 37 27 8 40 13 25 16 33 48 33 39 49 27 48 6 12 14 31 
12 33 21 20 45 31 6 41 20 42 0 13 8 7 25 44 35 34 31 5 22 8 40 21 42 21 36 26 44 38 30 28 29 28 46 13 6 5 26 42 16 46 24 35 14 10 31 9 11 18 17 44 47 37 12 
4 40 32 7 38 38 19 45 9 40 13 0 16 13 36 45 42 39 41 16 36 16 31 10 47 29 31 20 41 42 36 19 22 41 45 26 18 11 34 43 28 48 31 28 24 10 41 21 11 25 7 40 48 40 20 
12 25 16 20 38 23 9 32 18 33 8 16 0 3 20 35 27 26 25 13 22 1 35 19 34 13 28 19 36 29 22 24 23 27 38 13 5 5 18 33 13 37 16 28 8 17 25 7 19 10 22 36 38 28 4 
9 28 19 18 38 26 9 35 16 35 7 13 3 0 23 38 30 29 28 12 24 3 34 17 37 17 29 19 37 32 25 23 23 29 39 15 6 2 21 35 16 39 19 28 11 14 28 9 16 13 18 37 40 31 7 
32 14 4 40 47 11 20 25 37 34 25 36 20 23 0 31 12 18 6 28 14 20 48 37 21 10 35 32 38 22 12 39 36 14 37 15 18 25 7 29 11 31 10 38 12 36 6 16 37 13 41 40 33 22 16 
41 17 33 45 27 20 43 7 40 10 44 45 35 38 31 0 20 13 28 49 45 36 35 40 14 25 19 27 13 9 19 34 29 45 8 42 39 40 24 2 39 3 23 25 32 52 28 39 53 27 53 16 2 9 32 
37 3 16 44 42 4 31 13 41 26 35 42 27 30 12 20 0 8 8 38 26 27 46 41 9 13 30 32 31 11 6 40 35 26 28 27 28 33 8 19 23 19 10 35 20 44 8 26 46 17 49 33 21 12 22 
34 5 20 40 34 7 32 7 36 18 34 39 26 29 18 13 8 0 15 39 32 26 38 36 8 13 22 26 22 4 6 34 29 32 20 30 28 31 11 11 26 13 10 28 21 43 15 28 45 16 46 24 15 4 22 
37 10 10 45 48 8 26 21 42 33 31 41 25 28 6 28 8 15 0 34 19 25 50 42 17 13 36 35 38 18 10 43 39 18 35 21 25 31 8 27 17 27 11 40 17 42 0 22 43 17 47 39 29 19 21 
15 38 24 23 50 35 8 46 24 47 5 16 13 12 28 49 38 39 34 0 23 13 45 25 46 26 41 31 49 43 34 32 34 29 51 14 10 10 30 47 18 51 29 40 18 9 34 12 10 23 17 49 52 42 17 
33 28 12 42 57 25 16 39 40 47 22 36 22 24 14 45 26 32 19 23 0 21 56 41 35 20 46 40 51 36 26 46 44 6 50 9 17 25 21 43 8 45 22 48 16 32 19 14 33 21 39 52 47 36 20 
12 26 16 20 39 23 8 33 19 34 8 16 1 3 20 36 27 26 25 13 21 0 36 19 34 14 29 20 37 30 22 24 24 26 39 12 4 5 19 34 13 38 17 29 8 17 25 7 18 10 21 37 39 29 5 
29 42 46 25 10 42 44 39 22 25 40 31 35 34 48 35 46 38 50 45 56 36 0 21 45 38 16 16 22 38 40 12 12 60 28 48 40 35 42 33 48 38 39 10 40 41 50 43 42 36 37 19 37 36 36 
9 38 34 5 28 37 26 40 1 33 21 10 19 17 37 40 41 36 42 25 41 19 21 0 44 29 23 12 33 38 35 9 13 46 38 32 23 16 34 37 33 42 31 19 26 20 42 26 21 25 16 31 43 36 22 
43 8 25 49 39 11 39 7 45 22 42 47 34 37 21 14 9 8 17 46 35 34 45 44 0 20 29 34 26 7 12 42 37 35 22 36 36 39 16 14 32 12 17 35 28 51 17 35 53 24 55 29 14 9 29 
24 12 8 32 37 9 18 20 29 26 21 29 13 17 10 25 13 13 13 26 20 14 38 29 20 0 25 22 30 17 8 30 26 23 30 17 15 19 5 23 14 25 2 29 8 31 13 14 33 4 35 31 27 16 9 
28 27 34 28 12 28 37 23 24 10 36 31 28 29 35 19 30 22 36 41 46 29 16 23 29 25 0 11 10 22 25 16 10 49 15 39 33 31 28 17 38 22 25 6 30 40 36 34 41 24 39 8 21 20 26 
17 29 30 17 19 28 28 29 13 20 26 20 19 19 32 27 32 26 35 31 40 20 16 12 34 22 11 0 21 27 26 8 4 44 25 32 25 21 26 25 32 30 23 9 24 29 35 27 30 20 28 19 30 25 20 
38 27 39 38 14 29 45 19 34 4 44 41 36 37 38 13 31 22 38 49 51 37 22 33 26 30 10 21 0 20 27 26 20 53 6 46 41 39 31 12 43 16 29 15 36 49 38 42 51 30 49 3 15 19 34 
38 8 24 42 33 11 36 3 39 16 38 42 29 32 22 9 11 4 18 43 36 30 38 38 7 17 22 27 20 0 10 35 30 36 17 34 32 35 15 8 30 9 14 28 25 47 18 32 48 20 50 23 11 2 25 
32 3 14 38 37 2 27 13 35 23 30 36 22 25 12 19 6 6 10 34 26 22 40 35 12 8 25 26 27 10 0 34 30 26 25 24 24 28 5 17 20 19 5 30 16 40 10 23 41 12 43 29 21 10 17 
17 37 37 13 19 36 32 36 10 26 28 19 24 23 39 34 40 34 43 32 46 24 12 9 42 30 16 8 26 35 34 0 5 50 31 37 29 23 34 32 37 37 31 11 30 29 43 31 30 26 25 24 37 33 25 
20 32 34 18 16 32 32 31 14 20 29 22 23 23 36 29 35 29 39 34 44 24 12 13 37 26 10 4 20 30 30 5 0 48 25 36 29 24 30 26 36 31 27 6 28 32 39 31 33 24 29 18 31 28 24 
38 28 14 47 61 25 22 39 46 49 28 41 27 29 14 45 26 32 18 29 6 26 60 46 35 23 49 44 53 36 26 50 48 0 52 15 23 30 22 44 13 45 24 51 20 38 18 20 39 24 45 54 47 36 25 
41 25 38 43 20 27 46 15 38 5 46 45 38 39 37 8 28 20 35 51 50 39 28 38 22 30 15 25 6 17 25 31 25 52 0 47 42 42 30 8 44 11 28 20 37 53 35 43 54 31 53 9 9 16 35 
23 27 11 32 51 24 7 37 31 43 13 26 13 15 15 42 27 30 21 14 9 12 48 32 36 17 39 32 46 34 24 37 36 15 47 0 8 15 19 40 4 43 19 41 10 23 21 5 24 16 30 46 44 33 13 
15 27 14 24 43 24 4 35 23 38 6 18 5 6 18 39 28 28 25 10 17 4 40 23 36 15 33 25 41 32 24 29 29 23 42 8 0 7 19 37 10 40 18 33 7 17 25 3 18 12 23 41 42 31 7 
8 31 21 17 40 29 9 38 16 37 5 11 5 2 25 40 33 31 31 10 25 5 35 16 39 19 31 21 39 35 28 23 24 30 42 15 7 0 24 38 17 42 22 30 13 12 31 10 13 15 16 39 43 34 10 
29 8 9 37 40 5 22 18 34 27 26 34 18 21 7 24 8 11 8 30 21 19 42 34 16 5 28 26 31 15 5 34 30 22 30 19 19 24 0 22 15 24 3 32 12 36 8 18 37 9 40 32 26 15 14 
38 16 31 42 25 18 40 7 38 8 42 43 33 35 29 2 19 11 27 47 43 34 33 37 14 23 17 25 12 8 17 32 26 44 8 40 37 38 22 0 37 5 21 23 30 49 27 37 51 24 50 15 5 7 29 
25 23 7 34 49 20 10 33 32 40 16 28 13 16 11 39 23 26 17 18 8 13 48 33 32 14 38 32 43 30 20 37 36 13 44 4 10 17 15 37 0 39 16 39 8 26 17 7 27 13 33 44 41 30 12 
43 17 33 47 30 20 44 6 43 13 46 48 37 39 31 3 19 13 27 51 45 38 38 42 12 25 22 30 16 9 19 37 31 45 11 43 40 42 24 5 39 0 23 28 33 54 27 40 55 28 55 19 2 9 33 
27 9 10 34 37 6 21 18 31 25 24 31 16 19 10 23 10 10 11 29 22 17 39 31 17 2 25 23 29 14 5 31 27 24 28 19 18 22 3 21 16 23 0 29 10 34 11 17 35 6 38 30 25 14 12 
26 32 37 24 10 32 37 29 20 16 35 28 28 28 38 25 35 28 40 40 48 29 10 19 35 29 6 9 15 28 30 11 6 51 20 41 33 30 32 23 39 28 29 0 31 38 40 35 39 27 36 12 27 26 28 
20 19 8 28 41 16 10 28 26 33 14 24 8 11 12 32 20 21 17 18 16 8 40 26 28 8 30 24 36 25 16 30 28 20 37 10 7 13 12 30 8 33 10 31 0 24 17 6 25 6 29 36 35 24 4 
12 43 31 17 48 41 16 50 19 48 10 10 17 14 36 52 44 43 42 9 32 17 41 20 51 31 40 29 49 47 40 29 32 38 53 23 17 12 36 49 26 54 34 38 24 0 42 19 1 27 8 49 55 46 22 
37 10 10 45 48 8 26 21 42 33 31 41 25 28 6 28 8 15 0 34 19 25 50 42 17 13 36 35 38 18 10 43 39 18 35 21 25 31 8 27 17 27 11 40 17 42 0 22 43 17 47 39 29 19 21 
18 26 12 27 45 23 4 35 26 39 9 21 7 9 16 39 26 28 22 12 14 7 43 26 35 14 34 27 42 32 23 31 31 20 43 5 3 10 18 37 7 40 17 35 6 19 22 0 20 12 26 42 42 31 8 
13 45 32 17 49 42 17 51 20 49 11 11 19 16 37 53 46 45 43 10 33 18 42 21 53 33 41 30 51 48 41 30 33 39 54 24 18 13 37 51 27 55 35 39 25 1 43 20 0 29 7 50 56 47 23 
20 15 10 28 36 13 16 23 25 27 18 25 10 13 13 27 17 16 17 23 21 10 36 25 24 4 24 20 30 20 12 26 24 24 31 16 12 15 9 24 13 28 6 27 6 27 17 12 29 0 31 31 29 19 5 
12 47 37 12 45 45 23 52 15 48 17 7 22 18 41 53 49 46 47 17 39 21 37 16 55 35 39 28 49 50 43 25 29 45 53 30 23 16 40 50 33 55 38 36 29 8 47 26 7 31 0 47 56 48 26 
37 29 40 36 11 31 45 22 32 6 44 40 36 37 40 16 33 24 39 49 52 37 19 31 29 31 8 19 3 23 29 24 18 54 9 46 41 39 32 15 44 19 30 12 36 49 39 42 50 31 47 0 18 21 34 
44 19 35 47 29 22 45 8 43 12 47 48 38 40 33 2 21 15 29 52 47 39 37 43 14 27 21 30 15 11 21 37 31 47 9 44 42 43 26 5 41 2 25 27 35 55 29 42 56 29 56 18 0 11 34 
36 8 24 41 31 11 35 4 37 14 37 40 28 31 22 9 12 4 19 42 36 29 36 36 9 16 20 25 19 2 10 33 28 36 16 33 31 34 15 7 30 9 14 26 24 46 19 31 47 19 48 21 11 0 24 
16 21 12 24 38 18 11 28 21 31 12 20 4 7 16 32 22 22 21 17 20 5 36 22 29 9 26 20 34 25 17 25 24 25 35 13 7 10 14 29 12 33 12 28 4 22 21 8 23 5 26 34 34 24 0 
