Name: 
Comment: 1337511893 1337511894
Type: s 
Nurses:9
Workers: 9
Clients: 45
Jobs: 45
Dkws: 0
Related: 0
Synchron: 0

nurses qualification: nr, exclude, qual, language (4), usual shift length, extra 
1 9 3 0 1 1 0 600 1
2 11 3 0 0 0 1 600 1
3 44 3 0 1 1 1 600 1
4 8 2 0 1 0 1 600 1
5 38 2 0 1 1 0 600 1
6 7 2 1 1 0 0 600 1
7 29 1 0 1 0 0 600 1
8 32 1 1 1 1 1 600 1
9 35 1 0 0 1 1 600 1

workers: nr, anurse(7) + bnurse(7), abreak, bbreak, pause, ident, start (unbez.home/depot/bez.home (0,1,2))
1 0 1000 0 1000 0 1000 0 1000 0 1000 0 1000 0 1000 240 360 30 1 0 -1
2 0 1000 0 1000 0 1000 0 1000 0 1000 0 1000 0 1000 240 360 30 2 2 -1
3 0 1000 0 1000 0 1000 0 1000 0 1000 0 1000 0 1000 240 360 30 3 2 -1
4 0 1000 0 1000 0 1000 0 1000 0 1000 0 1000 0 1000 240 360 30 4 1 -1
5 0 1000 0 1000 0 1000 0 1000 0 1000 0 1000 0 1000 240 360 30 5 0 -1
6 0 1000 0 1000 0 1000 0 1000 0 1000 0 1000 0 1000 240 360 30 6 1 -1
7 0 1000 0 1000 0 1000 0 1000 0 1000 0 1000 0 1000 240 360 30 7 2 -1 
8 0 1000 0 1000 0 1000 0 1000 0 1000 0 1000 0 1000 240 360 30 8 1 -1
9 0 1000 0 1000 0 1000 0 1000 0 1000 0 1000 0 1000 240 360 30 9 2 -1

jobs: nr, include, exclude, qual, language(4), pref,  duration, a, b, asoft, bsoft, ident, freq, Mo, Di, Mi, Do, Fr, Sa, So, ltl, utl
1 0 7 1 1 1 1 1 5 63 360 480 405 465 1 1 0 0 0 0 0 0 1 6 6
2 0 2 3 0 0 1 0 3 31 480 600 510 570 2 6 1 0 1 1 1 1 1 1 2
3 0 2 3 1 0 0 1 0 22 120 240 170 230 3 1 0 0 0 1 0 0 0 6 6
4 0 8 1 0 0 1 0 9 42 360 480 400 460 4 2 0 0 1 0 1 0 0 2 5
5 0 2 3 0 1 0 1 0 28 600 720 605 665 5 4 0 1 1 0 1 0 1 1 3
6 0 7 1 1 1 1 0 5 31 360 480 415 475 6 2 1 0 1 0 0 0 0 2 5
7 0 3 2 0 1 0 1 4 38 120 240 140 200 7 6 1 1 0 1 1 1 1 1 2
8 0 3 1 1 1 1 1 5 34 0 120 25 85 8 6 0 1 1 1 1 1 1 1 2
9 0 1 3 0 1 0 1 2 32 480 600 510 570 9 2 0 0 0 0 0 1 1 2 5
10 0 5 1 0 1 0 0 4 46 240 360 285 345 10 4 0 1 1 1 0 1 0 1 3
11 0 7 1 0 1 0 0 4 51 0 120 0 60 11 4 1 0 1 1 0 0 1 1 3
12 0 0 2 1 0 0 0 0 53 600 720 640 700 12 1 0 0 0 0 0 1 0 6 6
13 0 0 3 1 0 1 1 0 8 360 480 410 470 13 5 1 0 1 0 1 1 1 1 2
14 0 2 2 0 0 1 1 0 44 0 120 55 115 14 7 1 1 1 1 1 1 1 1 1
15 0 0 3 1 0 1 0 3 33 600 720 640 700 15 2 0 0 0 0 0 1 1 2 5
16 0 7 1 0 1 0 1 9 66 240 360 275 335 16 7 1 1 1 1 1 1 1 1 1
17 0 3 2 1 0 0 1 2 34 240 360 295 355 17 2 0 0 0 1 0 1 0 2 5
18 0 4 2 1 1 1 0 5 19 480 600 515 575 18 2 1 0 0 0 1 0 0 2 5
19 0 5 1 1 1 1 0 0 55 480 600 480 540 19 4 1 0 1 0 0 1 1 1 3
20 0 0 2 1 0 1 1 3 31 360 480 360 420 20 1 0 0 0 0 0 1 0 6 6
21 0 5 2 0 1 0 1 1 49 0 120 25 85 21 7 1 1 1 1 1 1 1 1 1
22 0 5 2 1 1 1 0 0 52 480 600 490 550 22 6 1 0 1 1 1 1 1 1 2
23 0 0 3 0 1 1 1 2 5 120 240 155 215 23 7 1 1 1 1 1 1 1 1 1
24 0 3 1 1 0 0 1 4 35 480 600 540 600 24 1 0 1 0 0 0 0 0 6 6
25 0 1 3 1 1 0 1 3 36 360 480 375 435 25 5 1 1 1 1 0 0 1 1 2
26 0 3 1 1 1 0 1 6 64 0 120 45 105 26 2 0 1 0 0 0 1 0 2 5
27 0 2 3 1 0 1 0 0 5 120 240 140 200 27 6 1 1 0 1 1 1 1 1 2
28 0 1 3 0 0 0 1 2 14 360 480 400 460 28 2 0 0 0 1 0 1 0 2 5
29 0 2 2 1 1 1 0 0 45 120 240 135 195 29 3 1 0 1 0 1 0 0 1 4
30 0 4 2 1 1 0 1 0 47 600 720 615 675 30 7 1 1 1 1 1 1 1 1 1
31 0 6 1 1 1 0 0 0 54 240 360 295 355 31 5 1 0 0 1 1 1 1 1 2
32 0 5 1 1 1 0 0 7 56 0 120 50 110 32 6 0 1 1 1 1 1 1 1 2
33 0 3 2 0 0 1 1 4 46 600 720 615 675 33 5 1 1 0 1 1 0 1 1 2
34 0 7 1 1 0 0 0 0 25 480 600 505 565 34 1 0 0 0 0 0 1 0 6 6
35 0 2 2 0 1 1 1 6 36 240 360 295 355 35 2 1 1 0 0 0 0 0 2 5
36 0 5 2 1 0 1 1 4 32 0 120 25 85 36 3 1 1 0 1 0 0 0 1 4
37 0 3 1 1 1 0 0 0 77 0 120 50 110 37 7 1 1 1 1 1 1 1 1 1
38 0 6 1 0 1 0 1 8 27 240 360 290 350 38 6 1 1 0 1 1 1 1 1 2
39 0 3 2 1 0 0 1 2 39 360 480 385 445 39 5 1 1 0 1 1 0 1 1 2
40 0 0 3 0 1 1 0 0 36 0 120 40 100 40 1 0 0 0 1 0 0 0 6 6
41 0 2 3 0 1 1 0 1 15 240 360 295 355 41 6 1 1 0 1 1 1 1 1 2
42 0 0 3 1 1 1 1 0 40 120 240 135 195 42 7 1 1 1 1 1 1 1 1 1
43 0 3 2 1 1 1 0 5 24 360 480 385 445 43 1 0 0 0 0 0 0 1 6 6
44 0 2 3 1 0 1 0 1 34 480 600 500 560 44 3 0 1 1 0 1 0 0 1 4
45 0 0 3 0 1 1 1 0 23 600 720 615 675 45 4 0 1 0 1 1 1 0 1 3

dist
0 16 23 30 23 31 25 26 7 36 32 34 19 36 19 34 14 34 16 15 47 50 36 30 10 1 32 28 26 35 21 15 15 49 19 46 5 35 32 15 31 10 28 34 48 38 9 13 28 21 41 50 37 3 31 
16 0 15 26 8 16 16 22 11 30 18 21 4 31 13 20 15 27 22 10 31 35 22 16 22 16 21 14 21 19 8 7 1 33 4 31 13 24 23 10 24 17 12 18 33 26 6 18 13 15 25 34 28 19 21 
23 15 0 41 11 26 31 37 22 45 29 33 13 46 4 14 10 12 35 24 37 41 17 27 23 23 33 12 6 22 21 22 15 36 12 38 23 12 37 24 38 17 17 23 41 15 16 31 14 30 30 38 42 25 34 
30 26 41 0 31 24 10 4 23 6 21 19 28 6 39 41 39 53 16 17 36 37 42 21 40 31 15 36 47 33 19 19 25 41 29 31 25 48 9 17 7 38 30 32 32 50 27 17 33 10 33 40 10 33 12 
23 8 11 31 0 15 21 29 19 35 18 22 4 36 12 12 16 22 30 17 27 31 14 16 27 23 23 6 17 13 12 14 9 28 4 28 21 17 27 17 28 21 6 13 30 19 13 26 5 21 21 29 31 26 24 
31 16 26 24 15 0 14 23 25 26 3 8 14 26 27 19 30 36 30 18 15 19 19 3 39 32 10 15 32 9 10 16 17 18 15 14 27 28 16 18 18 34 9 8 16 30 22 28 12 17 10 18 19 35 13 
25 16 31 10 21 14 0 9 18 14 12 11 18 15 30 30 31 43 18 10 27 30 31 11 35 26 7 25 37 23 9 11 16 32 19 24 20 38 7 10 7 32 19 21 25 40 20 17 22 4 24 31 12 29 5 
26 22 37 4 29 23 9 0 19 10 21 19 25 10 36 39 35 50 13 13 36 38 40 20 36 27 15 33 43 32 17 15 22 41 26 32 21 46 10 13 8 34 28 31 33 48 23 13 31 7 33 40 13 29 12 
7 11 22 23 19 25 18 19 0 29 25 27 15 29 20 31 17 35 12 7 40 44 33 23 17 8 25 25 27 29 14 8 10 43 15 38 2 33 24 7 24 15 22 29 41 36 6 9 24 14 34 43 29 11 23 
36 30 45 6 35 26 14 10 29 0 22 19 32 1 44 44 44 57 22 22 35 36 45 23 46 37 15 39 51 35 23 24 30 40 33 30 31 52 9 22 7 44 33 34 31 54 32 23 36 15 33 39 8 39 13 
32 18 29 21 18 3 12 21 25 22 0 4 17 23 30 23 32 39 29 18 16 18 23 2 40 33 7 19 35 12 11 16 18 20 18 13 28 32 13 18 15 36 12 11 15 33 24 27 16 15 12 19 16 36 9 
34 21 33 19 22 8 11 19 27 19 4 0 21 20 34 27 36 43 29 19 17 18 27 6 43 35 4 23 39 16 13 18 21 22 22 13 30 36 10 19 12 39 17 15 14 38 26 28 20 15 14 21 12 38 7 
19 4 13 28 4 14 18 25 15 32 17 21 0 33 13 16 15 25 25 13 29 33 18 15 25 20 21 10 19 15 8 10 5 30 1 29 17 20 24 13 25 20 8 15 31 23 9 22 9 17 22 31 29 22 21 
36 31 46 6 36 26 15 10 29 1 23 20 33 0 45 45 44 58 22 22 36 37 46 23 46 37 16 40 52 36 24 24 30 41 34 31 31 53 10 22 8 44 33 34 32 55 33 23 37 16 34 40 9 39 13 
19 13 4 39 12 27 30 36 20 44 30 34 13 45 0 18 6 15 32 23 39 43 20 28 19 19 34 15 7 25 21 20 14 39 12 40 20 16 37 23 37 13 18 25 43 19 13 29 17 29 33 40 42 21 34 
34 20 14 41 12 19 30 39 31 44 23 27 16 45 18 0 24 19 41 29 25 29 2 22 37 34 29 6 18 11 22 25 21 23 16 28 33 10 35 29 36 31 11 12 30 10 25 38 8 31 19 24 39 37 31 
14 15 10 39 16 30 31 35 17 44 32 36 15 44 6 24 0 19 29 22 44 48 26 30 13 14 36 20 12 30 23 20 15 44 14 44 16 22 38 22 38 7 23 30 47 25 11 26 22 28 37 45 43 15 36 
34 27 12 53 22 36 43 50 35 57 39 43 25 58 15 19 19 0 48 37 44 48 20 37 32 34 45 20 7 30 34 34 28 41 24 47 35 9 49 37 50 26 26 31 49 10 28 44 23 42 38 43 54 35 46 
16 22 35 16 30 30 18 13 12 22 29 29 25 22 32 41 29 48 0 13 45 48 43 28 25 17 26 35 40 38 21 16 21 49 26 42 12 46 22 13 21 26 32 37 44 48 19 3 34 14 41 49 26 18 23 
15 10 24 17 17 18 10 13 7 22 18 19 13 22 23 29 22 37 13 0 34 37 30 16 24 16 17 23 30 25 8 3 9 37 13 32 10 34 17 0 17 22 19 24 34 36 10 10 21 7 29 37 22 18 16 
47 31 37 36 27 15 27 36 40 35 16 17 29 36 39 25 44 44 45 34 0 4 24 17 54 48 21 25 42 14 26 32 32 5 30 5 43 35 27 34 29 49 21 14 6 35 38 43 22 31 6 4 27 50 24 
50 35 41 37 31 19 30 38 44 36 18 18 33 37 43 29 48 48 48 37 4 0 28 20 58 51 22 29 46 18 29 35 36 8 33 6 46 39 28 37 30 53 25 18 5 39 41 46 26 34 10 5 28 54 25 
36 22 17 42 14 19 31 40 33 45 23 27 18 46 20 2 26 20 43 30 24 28 0 22 39 36 30 8 20 11 23 27 23 21 18 27 35 11 36 30 37 33 12 12 29 11 27 40 9 33 18 23 39 39 32 
30 16 27 21 16 3 11 20 23 23 2 6 15 23 28 22 30 37 28 16 17 20 22 0 38 31 7 17 33 12 9 14 16 21 16 15 26 30 13 16 15 34 11 11 17 32 21 26 14 14 13 21 17 34 10 
10 22 23 40 27 39 35 36 17 46 40 43 25 46 19 37 13 32 25 24 54 58 39 38 0 9 41 32 25 41 29 24 22 55 24 53 15 35 41 24 41 6 33 41 56 38 16 23 33 31 48 56 46 7 40 
1 16 23 31 23 32 26 27 8 37 33 35 20 37 19 34 14 34 17 16 48 51 36 31 9 0 33 29 26 35 22 16 15 50 19 46 6 35 33 16 32 9 28 35 48 38 10 14 29 22 42 50 38 2 32 
32 21 33 15 23 10 7 15 25 15 7 4 21 16 34 29 36 45 26 17 21 22 30 7 41 33 0 25 40 20 13 17 21 26 22 16 27 38 6 17 8 38 18 18 18 40 25 24 22 12 18 25 9 36 3 
28 14 12 36 6 15 25 33 25 39 19 23 10 40 15 6 20 20 35 23 25 29 8 17 32 29 25 0 17 10 16 19 15 24 10 27 27 13 30 23 31 26 6 11 29 14 19 32 3 26 18 25 34 31 27 
26 21 6 47 17 32 37 43 27 51 35 39 19 52 7 18 12 7 40 30 42 46 20 33 25 26 40 17 0 27 28 28 21 41 18 44 28 11 44 30 44 19 23 28 46 14 21 37 20 36 35 42 48 27 41 
35 19 22 33 13 9 23 32 29 35 12 16 15 36 25 11 30 30 38 25 14 18 11 12 41 35 20 10 27 0 17 22 20 14 16 17 32 21 26 25 27 35 7 1 19 22 25 35 8 25 8 15 29 38 22 
21 8 21 19 12 10 9 17 14 23 11 13 8 24 21 22 23 34 21 8 26 29 23 9 29 22 13 16 28 17 0 5 8 29 9 24 17 29 15 8 16 25 11 16 26 31 13 18 14 9 21 29 20 24 13 
15 7 22 19 14 16 11 15 8 24 16 18 10 24 20 25 20 34 16 3 32 35 27 14 24 16 17 19 28 22 5 0 6 35 10 30 11 31 18 3 18 21 16 21 32 33 9 13 18 8 26 35 23 19 16 
15 1 15 25 9 17 16 22 10 30 18 21 5 30 14 21 15 28 21 9 32 36 23 16 22 15 21 15 21 20 8 6 0 34 5 31 12 25 23 9 23 17 13 19 33 27 5 17 14 14 26 34 28 18 21 
49 33 36 41 28 18 32 41 43 40 20 22 30 41 39 23 44 41 49 37 5 8 21 21 55 50 26 24 41 14 29 35 34 0 31 11 46 32 32 37 34 50 21 14 12 32 40 47 22 35 8 2 32 53 29 
19 4 12 29 4 15 19 26 15 33 18 22 1 34 12 16 14 24 26 13 30 33 18 16 24 19 22 10 18 16 9 10 5 31 0 29 17 20 25 13 26 19 9 16 32 22 9 22 9 18 23 31 30 22 22 
46 31 38 31 28 14 24 32 38 30 13 13 29 31 40 28 44 47 42 32 5 6 27 15 53 46 16 27 44 17 24 30 31 11 29 0 41 38 22 32 24 48 21 16 2 38 37 40 24 28 9 9 22 49 19 
5 13 23 25 21 27 20 21 2 31 28 30 17 31 20 33 16 35 12 10 43 46 35 26 15 6 27 27 28 32 17 11 12 46 17 41 0 35 27 10 26 13 25 31 43 38 8 9 26 16 37 46 32 8 26 
35 24 12 48 17 28 38 46 33 52 32 36 20 53 16 10 22 9 46 34 35 39 11 30 35 35 38 13 11 21 29 31 25 32 20 38 35 0 43 34 44 29 19 22 40 3 27 42 16 38 29 34 47 37 40 
32 23 37 9 27 16 7 10 24 9 13 10 24 10 37 35 38 49 22 17 27 28 36 13 41 33 6 30 44 26 15 18 23 32 25 22 27 43 0 17 2 39 24 24 23 45 27 22 27 10 24 31 5 35 3 
15 10 24 17 17 18 10 13 7 22 18 19 13 22 23 29 22 37 13 0 34 37 30 16 24 16 17 23 30 25 8 3 9 37 13 32 10 34 17 0 17 22 19 24 34 36 10 10 21 7 29 37 22 18 16 
31 24 38 7 28 18 7 8 24 7 15 12 25 8 37 36 38 50 21 17 29 30 37 15 41 32 8 31 44 27 16 18 23 34 26 24 26 44 2 17 0 39 25 26 25 46 27 21 29 10 26 33 5 35 5 
10 17 17 38 21 34 32 34 15 44 36 39 20 44 13 31 7 26 26 22 49 53 33 34 6 9 38 26 19 35 25 21 17 50 19 48 13 29 39 22 39 0 28 35 51 32 12 23 27 29 42 50 44 9 37 
28 12 17 30 6 9 19 28 22 33 12 17 8 33 18 11 23 26 32 19 21 25 12 11 33 28 18 6 23 7 11 16 13 21 9 21 25 19 24 19 25 28 0 7 24 21 18 29 3 20 14 22 28 31 20 
34 18 23 32 13 8 21 31 29 34 11 15 15 34 25 12 30 31 37 24 14 18 12 11 41 35 18 11 28 1 16 21 19 14 16 16 31 22 24 24 26 35 7 0 18 23 25 34 8 24 7 15 27 38 21 
48 33 41 32 30 16 25 33 41 31 15 14 31 32 43 30 47 49 44 34 6 5 29 17 56 48 18 29 46 19 26 32 33 12 32 2 43 40 23 34 25 51 24 18 0 40 39 42 26 30 11 10 23 51 21 
38 26 15 50 19 30 40 48 36 54 33 38 23 55 19 10 25 10 48 36 35 39 11 32 38 38 40 14 14 22 31 33 27 32 22 38 38 3 45 36 46 32 21 23 40 0 30 45 17 40 29 34 49 40 42 
9 6 16 27 13 22 20 23 6 32 24 26 9 33 13 25 11 28 19 10 38 41 27 21 16 10 25 19 21 25 13 9 5 40 9 37 8 27 27 10 27 12 18 25 39 30 0 15 18 17 31 40 32 13 25 
13 18 31 17 26 28 17 13 9 23 27 28 22 23 29 38 26 44 3 10 43 46 40 26 23 14 24 32 37 35 18 13 17 47 22 40 9 42 22 10 21 23 29 34 42 45 15 0 31 12 38 47 26 16 22 
28 13 14 33 5 12 22 31 24 36 16 20 9 37 17 8 22 23 34 21 22 26 9 14 33 29 22 3 20 8 14 18 14 22 9 24 26 16 27 21 29 27 3 8 26 17 18 31 0 23 16 23 31 31 24 
21 15 30 10 21 17 4 7 14 15 15 15 17 16 29 31 28 42 14 7 31 34 33 14 31 22 12 26 36 25 9 8 14 35 18 28 16 38 10 7 10 29 20 24 30 40 17 12 23 0 27 35 15 25 10 
41 25 30 33 21 10 24 33 34 33 12 14 22 34 33 19 37 38 41 29 6 10 18 13 48 42 18 18 35 8 21 26 26 8 23 9 37 29 24 29 26 42 14 7 11 29 31 38 16 27 0 8 26 44 21 
50 34 38 40 29 18 31 40 43 39 19 21 31 40 40 24 45 43 49 37 4 5 23 21 56 50 25 25 42 15 29 35 34 2 31 9 46 34 31 37 33 50 22 15 10 34 40 47 23 35 8 0 31 53 28 
37 28 42 10 31 19 12 13 29 8 16 12 29 9 42 39 43 54 26 22 27 28 39 17 46 38 9 34 48 29 20 23 28 32 30 22 32 47 5 22 5 44 28 27 23 49 32 26 31 15 26 31 0 40 7 
3 19 25 33 26 35 29 29 11 39 36 38 22 39 21 37 15 35 18 18 50 54 39 34 7 2 36 31 27 38 24 19 18 53 22 49 8 37 35 18 35 9 31 38 51 40 13 16 31 25 44 53 40 0 34 
31 21 34 12 24 13 5 12 23 13 9 7 21 13 34 31 36 46 23 16 24 25 32 10 40 32 3 27 41 22 13 16 21 29 22 19 26 40 3 16 5 37 20 21 21 42 25 22 24 10 21 28 7 34 0 
