Name: Job 5 kann Sprache 1, Job 8 kann Sprache 1, Job 22 kann Sprache 2, Job 27 erlaubt Pflegekraft 1
Comment: 1323247640 1323247640
Type: s 
Nurses:6
Workers: 6
Clients: 30
Jobs: 30
Dkws: 0
Related: 0
Synchron: 0

nurses qualification: nr, exclude, qual, language (4), usual shift length, extra 
1 23 3 1 0 1 0 360 1
2 14 3 1 1 0 1 180 1
3 18 2 0 1 0 0 420 1
4 7 2 1 0 1 0 300 1
5 1 1 1 1 0 1 360 1
6 7 1 1 1 0 0 240 1

workers: nr, anurse(7) + bnurse(7), abreak, bbreak, pause, ident, start (unbez.home/depot/bez.home (0,1,2))
1 225 585 175 535 265 625 10 370 355 715 100 460 140 500 240 360 30 1 0 -1
2 495 675 490 670 255 435 355 535 340 520 40 220 125 305 240 360 30 2 2 -1 
3 175 595 215 635 150 570 105 525 30 450 220 640 145 565 240 360 30 3 0 -1
4 5 305 305 605 235 535 390 690 165 465 160 460 245 545 240 360 30 4 0 -1
5 60 420 70 430 160 520 335 695 255 615 190 550 160 520 240 360 30 5 1 -1
6 480 720 265 505 100 340 185 425 270 510 5 245 345 585 240 360 30 6 2 -1

jobs: nr, include, exclude, qual, language(4), pref,  duration, a, b, asoft, bsoft, ident, freq, Mo, Di, Mi, Do, Fr, Sa, So, ltl, utl
1 0 3 1 1 0 1 1 5 36 120 240 155 215 1 6 1 1 1 1 1 1 0 1 2
2 0 2 1 0 1 0 1 3 29 120 240 175 235 2 3 0 0 0 1 1 1 0 1 4
3 0 0 2 1 0 1 1 0 61 480 600 480 540 3 4 0 1 1 1 1 0 0 1 3
4 0 0 1 0 0 0 1 5 61 0 120 15 75 4 4 1 1 0 1 0 1 0 1 3
5 0 0 1 1 0 1 0 0 42 600 720 630 690 5 7 1 1 1 1 1 1 1 1 1
6 0 2 1 1 1 0 1 4 81 360 480 415 475 6 7 1 1 1 1 1 1 1 1 1
7 0 3 1 1 0 0 1 5 23 0 120 15 75 7 2 0 0 1 0 1 0 0 2 5
8 0 0 3 1 1 0 0 2 41 480 600 515 575 8 7 1 1 1 1 1 1 1 1 1
9 0 0 1 0 0 1 0 0 68 240 360 265 325 9 1 0 1 0 0 0 0 0 6 6
10 0 3 2 0 0 1 1 2 20 120 240 175 235 10 1 0 1 0 0 0 0 0 6 6
11 0 3 2 1 1 1 1 4 38 480 600 530 590 11 4 1 1 0 1 0 0 1 1 3
12 0 0 3 1 1 0 0 1 31 600 720 630 690 12 7 1 1 1 1 1 1 1 1 1
13 0 0 3 1 1 0 1 2 18 240 360 275 335 13 7 1 1 1 1 1 1 1 1 1
14 0 0 3 1 1 1 1 1 48 0 120 0 60 14 2 0 0 1 0 1 0 0 2 5
15 0 1 2 1 1 1 1 2 70 0 120 55 115 15 2 0 0 1 1 0 0 0 2 5
16 0 1 2 0 0 1 1 2 42 0 120 5 65 16 5 0 1 1 1 0 1 1 1 2
17 0 3 2 0 0 1 1 0 24 0 120 25 85 17 4 0 0 1 0 1 1 1 1 3
18 0 2 1 1 1 1 1 0 22 360 480 370 430 18 4 0 1 0 1 1 1 0 1 3
19 0 2 2 1 1 0 1 3 26 0 120 35 95 19 2 0 0 0 0 1 1 0 2 5
20 0 1 2 0 1 0 0 3 42 600 720 650 710 20 5 1 1 1 0 1 1 0 1 2
21 0 0 2 1 1 0 0 3 44 360 480 370 430 21 6 1 1 1 1 1 1 0 1 2
22 0 0 2 0 1 0 1 0 45 600 720 620 680 22 7 1 1 1 1 1 1 1 1 1
23 0 0 3 1 1 0 1 1 32 120 240 145 205 23 4 0 0 1 1 0 1 1 1 3
24 0 4 1 1 0 1 1 6 66 0 120 30 90 24 5 1 1 1 0 1 0 1 1 2
25 0 0 3 0 0 0 1 0 36 360 480 375 435 25 4 0 1 1 0 1 0 1 1 3
26 0 0 3 1 1 0 1 1 30 360 480 415 475 26 6 0 1 1 1 1 1 1 1 2
27 0 0 3 1 1 1 1 0 47 0 120 10 70 27 4 1 1 0 0 0 1 1 1 3
28 0 0 3 1 1 0 0 2 22 120 240 160 220 28 6 0 1 1 1 1 1 1 1 2
29 0 4 1 0 1 0 0 6 10 600 720 605 665 29 3 0 0 1 0 1 1 0 1 4
30 0 0 3 1 0 1 0 0 27 120 240 165 225 30 1 0 0 0 0 1 0 0 6 6

dist
0 17 37 7 23 20 36 27 13 20 6 20 24 12 39 33 19 23 21 13 7 25 18 36 31 21 20 20 1 10 33 5 24 16 11 26 27 
17 0 35 18 8 31 42 17 23 35 13 36 36 27 34 28 27 8 9 29 24 9 22 37 29 37 26 24 18 13 42 21 30 32 17 13 28 
37 35 0 31 43 27 19 19 27 36 31 39 29 49 4 7 23 42 44 50 41 30 20 6 6 41 20 18 39 27 25 36 18 51 26 24 10 
7 18 31 0 26 14 29 23 6 16 5 17 18 17 33 28 12 26 25 19 10 24 11 29 24 18 13 13 8 7 26 5 17 20 5 24 21 
23 8 43 26 0 40 51 24 31 43 21 43 44 31 42 36 36 1 3 33 30 13 31 45 37 44 35 33 24 22 51 28 39 36 25 19 37 
20 31 27 14 40 0 17 29 8 8 18 11 4 27 31 28 5 39 39 27 20 34 11 23 22 13 9 12 21 18 13 16 8 27 14 32 17 
36 42 19 29 51 17 0 32 23 24 32 27 15 44 23 24 17 50 50 44 36 41 19 13 18 29 16 18 37 29 6 32 12 44 26 36 15 
27 17 19 23 24 29 32 0 24 37 21 39 33 39 18 12 24 23 25 41 33 11 18 23 14 41 21 18 28 17 35 28 23 43 18 5 16 
13 23 27 6 31 8 23 24 0 13 10 15 12 22 30 25 6 31 30 23 14 27 7 25 21 17 8 9 14 10 20 9 11 24 6 25 16 
20 35 36 16 43 8 24 37 13 0 21 2 8 23 39 37 13 42 41 23 17 40 19 32 31 5 17 20 20 22 18 15 17 22 19 38 26 
6 13 31 5 21 18 32 21 10 21 0 22 23 18 33 27 15 21 20 20 12 20 13 31 25 23 16 15 7 4 30 8 20 22 6 20 22 
20 36 39 17 43 11 27 39 15 2 22 0 11 21 42 39 15 43 42 21 16 41 21 35 34 2 19 22 20 24 21 15 20 20 21 40 29 
24 36 29 18 44 4 15 33 12 8 23 11 0 30 32 31 8 43 43 30 23 39 15 24 25 13 12 15 25 22 10 19 11 29 19 36 20 
12 27 49 17 31 27 44 39 22 23 18 21 30 0 50 45 27 31 28 2 7 36 28 47 42 21 30 31 10 22 40 13 33 5 23 38 38 
39 34 4 33 42 31 23 18 30 39 33 42 32 50 0 6 26 41 43 52 43 29 22 10 8 44 22 20 40 28 29 38 22 53 27 23 13 
33 28 7 28 36 28 24 12 25 37 27 39 31 45 6 0 23 35 37 47 39 23 18 12 6 41 19 17 35 23 29 33 20 49 22 17 11 
19 27 23 12 36 5 17 24 6 13 15 15 8 27 26 23 0 35 35 28 20 30 6 20 18 18 4 7 20 14 14 15 5 29 10 27 13 
23 8 42 26 1 39 50 23 31 42 21 43 43 31 41 35 35 0 3 33 29 12 30 44 36 44 34 32 23 21 50 27 38 36 25 18 36 
21 9 44 25 3 39 50 25 30 41 20 42 43 28 43 37 35 3 0 30 27 15 31 46 38 43 34 32 21 21 50 26 39 33 25 21 37 
13 29 50 19 33 27 44 41 23 23 20 21 30 2 52 47 28 33 30 0 8 38 30 48 43 20 31 32 12 24 40 14 34 3 24 39 40 
7 24 41 10 30 20 36 33 14 17 12 16 23 7 43 39 20 29 27 8 0 32 21 39 35 16 22 23 6 16 33 5 26 10 16 32 31 
25 9 30 24 13 34 41 11 27 40 20 41 39 36 29 23 30 12 15 38 32 0 24 33 25 43 27 24 26 17 43 28 31 40 20 6 26 
18 22 20 11 31 11 19 18 7 19 13 21 15 28 22 18 6 30 31 30 21 24 0 18 14 23 3 2 19 10 19 15 7 31 7 21 10 
36 37 6 29 45 23 13 23 25 32 31 35 24 47 10 12 20 44 46 48 39 33 18 0 8 37 17 16 38 27 19 34 14 49 25 28 9 
31 29 6 24 37 22 18 14 21 31 25 34 25 42 8 6 18 36 38 43 35 25 14 8 0 36 14 12 32 21 23 29 14 45 19 19 5 
21 37 41 18 44 13 29 41 17 5 23 2 13 21 44 41 18 44 43 20 16 43 23 37 36 0 22 24 21 25 23 16 22 19 23 42 31 
20 26 20 13 35 9 16 21 8 17 16 19 12 30 22 19 4 34 34 31 22 27 3 17 14 22 0 3 21 13 15 17 4 32 10 24 9 
20 24 18 13 33 12 18 18 9 20 15 22 15 31 20 17 7 32 32 32 23 24 2 16 12 24 3 0 21 12 18 18 6 33 9 21 7 
1 18 39 8 24 21 37 28 14 20 7 20 25 10 40 35 20 23 21 12 6 26 19 38 32 21 21 21 0 12 34 5 25 14 13 27 29 
10 13 27 7 22 18 29 17 10 22 4 24 22 22 28 23 14 21 21 24 16 17 10 27 21 25 13 12 12 0 29 11 17 26 3 17 18 
33 42 25 26 51 13 6 35 20 18 30 21 10 40 29 29 14 50 50 40 33 43 19 19 23 23 15 18 34 29 0 29 12 40 25 39 18 
5 21 36 5 28 16 32 28 9 15 8 15 19 13 38 33 15 27 26 14 5 28 15 34 29 16 17 18 5 11 29 0 20 15 10 28 25 
24 30 18 17 39 8 12 23 11 17 20 20 11 33 22 20 5 38 39 34 26 31 7 14 14 22 4 6 25 17 12 20 0 34 14 27 9 
16 32 51 20 36 27 44 43 24 22 22 20 29 5 53 49 29 36 33 3 10 40 31 49 45 19 32 33 14 26 40 15 34 0 26 42 41 
11 17 26 5 25 14 26 18 6 19 6 21 19 23 27 22 10 25 25 24 16 20 7 25 19 23 10 9 13 3 25 10 14 26 0 19 16 
26 13 24 24 19 32 36 5 25 38 20 40 36 38 23 17 27 18 21 39 32 6 21 28 19 42 24 21 27 17 39 28 27 42 19 0 21 
27 28 10 21 37 17 15 16 16 26 22 29 20 38 13 11 13 36 37 40 31 26 10 9 5 31 9 7 29 18 18 25 9 41 16 21 0 
