Name: Pf. 3 lehnt 14 nicht ab, Job 25, 27 lässt 1er Pfl. zu
Comment: 1355231308 1355231308
Type: s 
Nurses:6
Workers: 6
Clients: 30
Jobs: 30
Dkws: 0 
Related: 0 
Synchron: 0 

nurses qualification: nr, exclude, qual, language (4), usual shift length, extra 
1 10 3 0 1 0 1 180 1
2 19 3 0 1 1 1 180 1
3 0 2 1 0 1 1 480 1
4 3 2 1 1 0 0 240 1
5 24 1 0 0 1 0 180 1
6 5 1 0 1 0 0 180 1

workers: nr, anurse(7) + bnurse(7), abreak, bbreak, pause, ident, start (unbez.home/depot/bez.home (0,1,2))
1 230 410 295 475 325 505 505 685 370 550 435 615 525 705 240 360 30 1 1 -1
2 230 410 260 440 130 310 25 205 175 355 530 710 105 285 240 360 30 2 1 -1
3 5 485 90 570 65 545 30 510 45 525 50 530 180 660 240 360 30 3 0 -1
4 295 535 175 415 220 460 365 605 470 710 5 245 50 290 240 360 30 4 2 -1
5 330 510 115 295 325 505 0 180 60 240 210 390 310 490 240 360 30 5 0 -1
6 0 180 230 410 270 450 295 475 120 300 170 350 290 470 240 360 30 6 0 -1

jobs: nr, include, exclude, qual, language(4), pref,  duration, a, b, asoft, bsoft, ident, freq, Mo, Di, Mi, Do, Fr, Sa, So, ltl, utl
1 0 3 2 0 1 0 1 0 52 0 120 45 105 1 5 1 0 1 1 1 1 0 1 2
2 0 0 2 1 1 0 1 4 28 600 720 630 690 2 5 0 0 1 1 1 1 1 1 2
3 0 1 2 1 0 1 0 2 51 0 120 55 115 3 2 0 0 0 1 1 0 0 2 5
4 0 2 1 0 0 1 0 5 57 0 120 35 95 4 1 1 0 0 0 0 0 0 6 6
5 0 3 2 1 1 1 1 2 28 120 240 140 200 5 5 1 1 0 1 1 1 0 1 2
6 0 2 2 1 1 1 1 0 62 0 120 25 85 6 1 0 1 0 0 0 0 0 6 6
7 0 4 1 0 0 1 0 5 26 480 600 500 560 7 6 1 1 1 0 1 1 1 1 2
8 0 0 3 0 1 0 1 0 40 240 360 265 325 8 1 0 0 0 1 0 0 0 6 6
9 0 0 2 0 1 1 1 4 45 480 600 535 595 9 6 1 1 1 1 1 0 1 1 2
10 0 3 1 1 0 1 1 0 61 240 360 250 310 10 3 1 0 1 0 0 1 0 1 4
11 0 0 3 1 1 1 1 1 54 480 600 480 540 11 3 0 0 1 0 1 1 0 1 4
12 0 0 2 0 1 0 1 3 58 600 720 605 665 12 4 0 1 0 0 1 1 1 1 3
13 0 3 2 0 1 0 1 1 66 360 480 415 475 13 1 0 0 0 0 0 1 0 6 6
14 0 2 2 0 0 1 0 3 50 240 360 290 350 14 2 1 1 0 0 0 0 0 2 5
15 0 0 3 0 1 1 0 0 23 600 720 625 685 15 3 0 1 1 1 0 0 0 1 4
16 0 3 1 1 1 1 0 4 34 360 480 420 480 16 3 0 0 1 0 0 1 1 1 4
17 0 0 3 0 1 1 1 2 42 120 240 125 185 17 7 1 1 1 1 1 1 1 1 1
18 0 2 1 1 1 0 1 6 36 600 720 645 705 18 2 0 0 1 1 0 0 0 2 5
19 0 3 1 0 1 0 0 4 31 0 120 0 60 19 2 1 0 0 0 0 1 0 2 5
20 0 4 1 1 0 1 1 5 60 240 360 245 305 20 2 0 1 0 0 0 0 1 2 5
21 0 5 1 1 1 1 0 4 47 240 360 255 315 21 2 0 0 1 1 0 0 0 2 5
22 0 3 2 1 1 1 0 2 66 360 480 360 420 22 5 1 0 1 1 0 1 1 1 2
23 0 2 1 1 1 1 1 6 33 600 720 650 710 23 7 1 1 1 1 1 1 1 1 1
24 0 3 1 1 0 1 0 4 47 240 360 270 330 24 2 0 1 0 1 0 0 0 2 5
25 0 0 3 0 1 0 0 0 5 240 360 255 315 25 6 1 1 0 1 1 1 1 1 2
26 0 0 3 0 1 0 1 2 40 240 360 255 315 26 3 0 1 0 1 0 1 0 1 4
27 0 0 3 0 1 0 0 0 48 240 360 255 315 27 7 1 1 1 1 1 1 1 1 1
28 0 1 3 1 1 0 1 0 56 360 480 390 450 28 1 0 0 1 0 0 0 0 6 6
29 0 0 3 1 0 0 1 1 32 600 720 660 720 29 1 1 0 0 0 0 0 0 6 6
30 0 0 3 1 1 1 1 1 39 0 120 15 75 30 7 1 1 1 1 1 1 1 1 1

dist
0 23 42 27 39 46 24 44 36 10 3 35 15 25 5 21 47 12 13 19 43 44 25 25 38 39 25 32 38 29 43 49 53 39 33 36 39 
23 0 19 31 35 32 34 22 28 13 23 37 8 31 24 2 34 14 10 13 21 31 13 12 25 25 19 10 37 22 23 32 38 22 37 25 47 
42 19 0 43 40 29 48 8 32 32 42 47 27 44 42 21 33 33 29 28 10 29 23 22 25 24 29 10 44 29 15 26 33 19 47 29 60 
27 31 43 0 14 29 8 40 17 29 30 7 28 3 23 31 27 34 29 18 38 27 20 22 23 25 14 40 12 14 35 34 35 28 6 19 16 
39 35 40 14 0 17 22 35 8 37 41 11 34 17 35 35 14 42 36 23 32 15 22 23 15 17 16 41 4 13 28 23 22 21 12 11 24 
46 32 29 29 17 0 37 21 12 40 48 28 36 32 43 33 4 44 38 27 19 2 21 21 7 7 21 33 21 17 14 5 7 10 28 10 41 
24 34 48 8 22 37 0 46 25 28 27 13 29 5 19 33 35 32 29 21 44 35 25 26 31 33 19 43 19 21 42 42 43 35 12 27 15 
44 22 8 40 35 21 46 0 27 34 44 43 29 42 44 24 25 37 31 27 2 22 21 20 19 17 26 16 39 25 7 18 25 13 43 23 56 
36 28 32 17 8 12 25 27 0 32 38 17 29 20 33 28 10 37 31 18 24 10 15 16 7 10 11 33 12 7 20 17 18 13 17 3 30 
10 13 32 29 37 40 28 34 32 0 10 36 5 27 12 11 41 5 3 13 34 38 18 18 32 33 21 22 38 25 34 42 47 31 35 31 43 
3 23 42 30 41 48 27 44 38 10 0 37 15 27 8 21 48 10 13 20 43 46 26 26 40 41 27 32 41 31 44 50 55 40 36 38 42 
35 37 47 7 11 28 13 43 17 36 37 0 35 10 30 37 25 41 36 24 41 26 25 26 24 26 18 45 7 17 37 33 33 30 1 20 13 
15 8 27 28 34 36 29 29 29 5 15 35 0 27 16 6 38 8 2 11 29 34 14 14 28 29 18 18 36 22 29 37 43 27 34 27 43 
25 31 44 3 17 32 5 42 20 27 27 10 27 0 20 30 30 32 27 18 40 30 21 22 26 28 15 40 15 16 37 37 38 30 8 22 16 
5 24 42 23 35 43 19 44 33 12 8 30 16 20 0 22 44 15 15 17 43 42 23 24 36 37 22 34 34 26 42 47 51 37 29 33 34 
21 2 21 31 35 33 33 24 28 11 21 37 6 30 22 0 35 13 8 12 23 32 13 12 25 26 19 12 37 22 25 33 40 23 36 26 46 
47 34 33 27 14 4 35 25 10 41 48 25 38 30 44 35 0 46 40 28 23 4 23 23 9 10 21 37 18 17 18 9 8 14 26 10 38 
12 14 33 34 42 44 32 37 37 5 10 41 8 32 15 13 46 0 6 18 36 43 22 22 36 37 26 23 43 30 38 46 51 35 40 36 47 
13 10 29 29 36 38 29 31 31 3 13 36 2 27 15 8 40 6 0 12 31 36 16 16 30 31 20 19 37 24 32 39 45 29 35 29 43 
19 13 28 18 23 27 21 27 18 13 20 24 11 18 17 12 28 18 12 0 26 25 6 7 19 20 7 22 25 11 25 29 34 19 23 17 34 
43 21 10 38 32 19 44 2 24 34 43 41 29 40 43 23 23 36 31 26 0 19 20 19 17 15 25 17 36 23 5 16 23 11 41 21 54 
44 31 29 27 15 2 35 22 10 38 46 26 34 30 42 32 4 43 36 25 19 0 20 20 6 6 19 33 20 15 14 7 8 10 26 8 39 
25 13 23 20 22 21 25 21 15 18 26 25 14 21 23 13 23 22 16 6 20 20 0 1 14 15 6 20 24 9 19 24 29 13 25 13 37 
25 12 22 22 23 21 26 20 16 18 26 26 14 22 24 12 23 22 16 7 19 20 1 0 14 14 8 18 25 10 18 23 29 13 26 13 38 
38 25 25 23 15 7 31 19 7 32 40 24 28 26 36 25 9 36 30 19 17 6 14 14 0 2 13 28 19 10 12 11 15 5 25 4 38 
39 25 24 25 17 7 33 17 10 33 41 26 29 28 37 26 10 37 31 20 15 6 15 14 2 0 15 27 21 12 10 9 14 4 27 6 40 
25 19 29 14 16 21 19 26 11 21 27 18 18 15 22 19 21 26 20 7 25 19 6 8 13 15 0 26 18 4 22 24 28 16 18 10 30 
32 10 10 40 41 33 43 16 33 22 32 45 18 40 34 12 37 23 19 22 17 33 20 18 28 27 26 0 43 28 21 32 39 23 45 30 56 
38 37 44 12 4 21 19 39 12 38 41 7 36 15 34 37 18 43 37 25 36 20 24 25 19 21 18 43 0 15 32 27 26 25 8 15 19 
29 22 29 14 13 17 21 25 7 25 31 17 22 16 26 22 17 30 24 11 23 15 9 10 10 12 4 28 15 0 20 21 24 13 17 6 30 
43 23 15 35 28 14 42 7 20 34 44 37 29 37 42 25 18 38 32 25 5 14 19 18 12 10 22 21 32 20 0 11 18 7 37 17 50 
49 32 26 34 23 5 42 18 17 42 50 33 37 37 47 33 9 46 39 29 16 7 24 23 11 9 24 32 27 21 11 0 7 10 34 15 47 
53 38 33 35 22 7 43 25 18 47 55 33 43 38 51 40 8 51 45 34 23 8 29 29 15 14 28 39 26 24 18 7 0 16 34 17 46 
39 22 19 28 21 10 35 13 13 31 40 30 27 30 37 23 14 35 29 19 11 10 13 13 5 4 16 23 25 13 7 10 16 0 30 9 43 
33 37 47 6 12 28 12 43 17 35 36 1 34 8 29 36 26 40 35 23 41 26 25 26 25 27 18 45 8 17 37 34 34 30 0 20 13 
36 25 29 19 11 10 27 23 3 31 38 20 27 22 33 26 10 36 29 17 21 8 13 13 4 6 10 30 15 6 17 15 17 9 20 0 33 
39 47 60 16 24 41 15 56 30 43 42 13 43 16 34 46 38 47 43 34 54 39 37 38 38 40 30 56 19 30 50 47 46 43 13 33 0 
