Name: 
Comment: 1354016767 1354016767
Type: s 
Nurses:6
Workers: 6
Clients: 30
Jobs: 30
Dkws: 0
Related: 0
Synchron: 0

nurses qualification: nr, exclude, qual, language (4), usual shift length, extra 
1 15 3 0 1 0 1 180 1
2 21 3 1 1 1 0 300 1
3 8 2 0 0 1 1 480 1
4 0 2 1 1 1 1 360 1
5 16 1 0 0 1 0 180 1
6 6 1 0 1 0 1 180 1

workers: nr, anurse(7) + bnurse(7), abreak, bbreak, pause, ident, start (unbez.home/depot/bez.home (0,1,2))
1 280 460 165 345 140 320 75 255 345 525 40 220 215 395 240 360 30 1 2 -1
2 175 475 180 480 215 515 135 435 365 665 115 415 195 495 240 360 30 2 1 -1
3 140 620 170 650 220 700 70 550 125 605 200 680 50 530 240 360 30 3 2 -1
4 30 390 155 515 130 490 45 405 145 505 210 570 170 530 240 360 30 4 2 -1
5 175 355 220 400 195 375 315 495 115 295 110 290 350 530 240 360 30 5 1 -1
6 45 225 490 670 45 225 30 210 510 690 155 335 285 465 240 360 30 6 2 -1

jobs: nr, include, exclude, qual, language(4), pref,  duration, a, b, asoft, bsoft, ident, freq, Mo, Di, Mi, Do, Fr, Sa, So, ltl, utl
1 0 0 3 0 0 0 1 1 19 600 720 605 665 1 6 1 1 1 0 1 1 1 1 2
2 0 3 2 1 0 0 1 2 40 0 120 20 80 2 2 0 1 1 0 0 0 0 2 5
3 0 3 2 1 0 1 0 4 55 240 360 295 355 3 6 0 1 1 1 1 1 1 1 2
4 0 5 1 0 0 0 1 4 56 120 240 120 180 4 6 1 1 1 1 0 1 1 1 2
5 0 0 3 0 1 1 0 1 33 360 480 365 425 5 3 0 1 0 1 1 0 0 1 4
6 0 3 1 1 1 0 1 6 53 600 720 610 670 6 3 0 0 1 1 0 0 1 1 4
7 0 2 2 1 1 1 0 0 59 480 600 495 555 7 5 1 1 0 0 1 1 1 1 2
8 0 0 2 0 1 1 0 4 43 360 480 415 475 8 3 1 1 0 0 1 0 0 1 4
9 0 0 3 1 0 1 0 0 41 360 480 405 465 9 1 0 0 0 0 0 1 0 6 6
10 0 0 3 1 1 0 1 1 21 360 480 390 450 10 5 1 0 1 1 1 1 0 1 2
11 0 0 3 0 0 1 1 1 27 240 360 245 305 11 5 1 1 0 0 1 1 1 1 2
12 0 0 3 0 1 1 1 1 32 480 600 520 580 12 5 0 1 1 1 1 0 1 1 2
13 0 3 2 0 1 0 0 2 12 600 720 650 710 13 5 1 0 1 1 0 1 1 1 2
14 0 2 2 0 1 0 1 1 42 600 720 655 715 14 1 1 0 0 0 0 0 0 6 6
15 0 0 2 1 1 0 0 1 40 120 240 125 185 15 6 1 0 1 1 1 1 1 1 2
16 0 2 2 1 1 0 1 3 36 120 240 120 180 16 7 1 1 1 1 1 1 1 1 1
17 0 0 3 0 1 0 0 1 19 120 240 145 205 17 5 1 1 1 0 0 1 1 1 2
18 0 2 1 0 1 1 0 4 44 480 600 525 585 18 1 0 0 0 1 0 0 0 6 6
19 0 0 3 0 0 1 1 0 47 120 240 145 205 19 3 0 0 1 1 0 1 0 1 4
20 0 1 3 1 0 0 1 2 7 480 600 480 540 20 3 1 0 1 0 1 0 0 1 4
21 0 1 2 0 1 0 1 2 37 240 360 270 330 21 3 1 0 0 1 0 1 0 1 4
22 0 2 2 1 1 0 1 1 53 120 240 170 230 22 5 1 1 1 1 1 0 0 1 2
23 0 1 3 0 1 0 1 0 11 0 120 50 110 23 6 1 0 1 1 1 1 1 1 2
24 0 5 1 0 1 1 1 3 41 0 120 50 110 24 6 1 1 0 1 1 1 1 1 2
25 0 5 1 1 1 0 0 0 57 480 600 520 580 25 3 0 0 0 1 1 0 1 1 4
26 0 2 1 0 0 1 1 5 54 0 120 55 115 26 1 0 0 0 1 0 0 0 6 6
27 0 3 1 1 1 0 1 6 70 120 240 135 195 27 3 1 0 0 0 1 0 1 1 4
28 0 3 1 1 1 0 0 0 26 480 600 510 570 28 5 1 1 1 0 0 1 1 1 2
29 0 3 1 0 1 0 0 0 49 600 720 630 690 29 6 1 1 0 1 1 1 1 1 2
30 0 4 1 1 1 1 0 5 42 120 240 155 215 30 3 1 0 0 0 1 1 0 1 4

dist
0 33 41 46 45 47 23 42 40 56 20 38 14 40 45 60 6 24 15 56 51 45 31 31 35 20 17 21 37 24 31 13 32 59 51 46 37 
33 0 23 35 12 14 44 26 26 40 39 54 19 54 47 45 27 10 20 41 32 38 47 16 10 13 16 32 50 27 13 30 26 42 45 54 46 
41 23 0 12 23 21 38 3 3 17 34 42 29 40 28 22 37 22 25 18 10 16 37 10 13 26 30 26 37 20 12 30 12 20 22 37 30 
46 35 12 0 35 32 37 9 9 10 34 37 37 34 19 13 44 32 32 9 8 5 34 20 25 35 39 27 31 23 22 34 14 13 10 29 24 
45 12 23 35 0 3 53 26 26 37 48 62 31 60 51 43 39 21 31 39 30 39 55 21 13 25 28 41 57 35 19 40 31 39 45 59 51 
47 14 21 32 3 0 53 24 25 34 48 61 33 60 49 40 41 23 32 36 27 37 55 21 13 27 30 41 56 34 19 41 30 36 43 58 50 
23 44 38 37 53 53 0 38 36 48 5 15 27 17 27 49 26 33 24 46 45 33 8 32 40 32 33 12 15 18 34 14 26 50 38 25 18 
42 26 3 9 26 24 38 0 2 15 34 41 31 38 26 20 39 24 27 15 8 13 36 12 16 28 32 26 35 20 14 31 12 17 19 35 29 
40 26 3 9 26 25 36 2 0 16 32 39 29 37 25 21 37 23 25 16 10 12 34 11 16 27 31 24 34 18 13 29 10 19 19 33 27 
56 40 17 10 37 34 48 15 16 0 44 47 45 43 27 6 53 39 41 2 7 15 44 27 30 43 47 37 41 33 29 44 24 2 14 37 34 
20 39 34 34 48 48 5 34 32 44 0 18 22 20 27 47 23 29 19 43 41 30 11 27 35 27 28 8 17 14 29 9 22 47 36 26 18 
38 54 42 37 62 61 15 41 39 47 18 0 40 4 21 47 41 45 36 45 46 32 7 40 48 45 46 22 6 27 43 28 31 49 34 13 13 
14 19 29 37 31 33 27 31 29 45 22 40 0 41 41 50 8 10 5 46 39 37 33 18 21 6 5 19 38 17 17 13 22 48 44 45 36 
40 54 40 34 60 60 17 38 37 43 20 4 41 0 17 43 43 45 37 41 43 28 9 38 47 45 47 22 3 26 41 29 29 45 30 9 9 
45 47 28 19 51 49 27 26 25 27 27 21 41 17 0 26 46 41 36 24 28 13 20 31 39 43 46 23 15 24 34 32 21 28 13 9 9 
60 45 22 13 43 40 49 20 21 6 47 47 50 43 26 0 58 44 46 4 13 16 44 32 35 48 52 40 41 36 34 48 28 4 13 35 34 
6 27 37 44 39 41 26 39 37 53 23 41 8 43 46 58 0 18 12 53 47 43 34 26 30 14 11 22 40 22 26 14 29 56 50 48 39 
24 10 22 32 21 23 33 24 23 39 29 45 10 45 41 44 18 0 10 40 32 33 38 12 12 4 8 23 41 18 10 20 20 42 41 46 37 
15 20 25 32 31 32 24 27 25 41 19 36 5 37 36 46 12 10 0 41 35 32 29 15 20 8 10 14 33 12 15 10 18 44 39 40 31 
56 41 18 9 39 36 46 15 16 2 43 45 46 41 24 4 53 40 41 0 9 13 42 28 31 44 48 36 39 32 30 44 24 4 12 34 32 
51 32 10 8 30 27 45 8 10 7 41 46 39 43 28 13 47 32 35 9 0 14 42 21 22 36 41 33 40 28 22 39 19 9 17 38 33 
45 38 16 5 39 37 33 13 12 15 30 32 37 28 13 16 43 33 32 13 14 0 29 22 28 36 40 24 26 21 25 32 14 17 7 23 19 
31 47 37 34 55 55 8 36 34 44 11 7 33 9 20 44 34 38 29 42 42 29 0 33 42 37 39 15 6 20 36 20 25 46 32 16 11 
31 16 10 20 21 21 32 12 11 27 27 40 18 38 31 32 26 12 15 28 21 22 33 0 8 15 20 19 35 13 3 22 9 30 29 38 30 
35 10 13 25 13 13 40 16 16 30 35 48 21 47 39 35 30 12 20 31 22 28 42 8 0 16 20 27 43 21 5 28 18 32 35 46 38 
20 13 26 35 25 27 32 28 27 43 27 45 6 45 43 48 14 4 8 44 36 36 37 15 16 0 4 22 41 19 14 18 22 46 43 47 38 
17 16 30 39 28 30 33 32 31 47 28 46 5 47 46 52 11 8 10 48 41 40 39 20 20 4 0 24 43 22 18 18 26 50 47 50 41 
21 32 26 27 41 41 12 26 24 37 8 22 19 22 23 40 22 23 14 36 33 24 15 19 27 22 24 0 18 6 21 8 14 40 30 26 17 
37 50 37 31 57 56 15 35 34 41 17 6 38 3 15 41 40 41 33 39 40 26 6 35 43 41 43 18 0 23 38 26 26 43 28 10 7 
24 27 20 23 35 34 18 20 18 33 14 27 17 26 24 36 22 18 12 32 28 21 20 13 21 19 22 6 23 0 15 11 8 35 28 28 19 
31 13 12 22 19 19 34 14 13 29 29 43 17 41 34 34 26 10 15 30 22 25 36 3 5 14 18 21 38 15 0 23 13 32 32 41 33 
13 30 30 34 40 41 14 31 29 44 9 28 13 29 32 48 14 20 10 44 39 32 20 22 28 18 18 8 26 11 23 0 20 47 38 34 25 
32 26 12 14 31 30 26 12 10 24 22 31 22 29 21 28 29 20 18 24 19 14 25 9 18 22 26 14 26 8 13 20 0 27 21 28 20 
59 42 20 13 39 36 50 17 19 2 47 49 48 45 28 4 56 42 44 4 9 17 46 30 32 46 50 40 43 35 32 47 27 0 15 38 36 
51 45 22 10 45 43 38 19 19 14 36 34 44 30 13 13 50 41 39 12 17 7 32 29 35 43 47 30 28 28 32 38 21 15 0 22 21 
46 54 37 29 59 58 25 35 33 37 26 13 45 9 9 35 48 46 40 34 38 23 16 38 46 47 50 26 10 28 41 34 28 38 22 0 9 
37 46 30 24 51 50 18 29 27 34 18 13 36 9 9 34 39 37 31 32 33 19 11 30 38 38 41 17 7 19 33 25 20 36 21 9 0 
