Name: Pflegekraft 8 spricht 1, Pfl. 6 spricht 3, Kl. 40 spricht 1, Kl. 22 Kl. 24 dürfen von 4 besucht werden, 10,12, 15 darf auch von 7, Pf. 4 spricht Sprache 4
Comment: 1337511932 1337511932 //Pflegekraft 1 spricht auch Sprache 1, ansonsten müsste 11 nur von 2 besucht werden!
Type: s 
Nurses:8
Workers: 8
Clients: 40
Jobs: 40
Dkws: 0
Related: 0
Synchron: 0

nurses qualification: nr, exclude, qual, language (4), usual shift length, extra 
1 12 3 1 0 0 1 240 1
2 32 3 1 1 1 0 300 1
3 15 3 0 0 0 1 300 1
4 29 2 0 1 0 1 240 1
5 4 2 0 1 0 0 480 1
6 1 2 1 0 1 0 300 1
7 19 1 0 1 1 0 300 1
8 30 1 1 0 1 1 300 1

workers: nr, anurse(7) + bnurse(7), abreak, bbreak, pause, ident, start (unbez.home/depot/bez.home (0,1,2))
1 0 1000 0 1000 0 1000 0 1000 0 1000 0 1000 0 1000 240 360 30 1 2 -1
2 0 1000 0 1000 0 1000 0 1000 0 1000 0 1000 0 1000 240 360 30 2 0 -1
3 0 1000 0 1000 0 1000 0 1000 0 1000 0 1000 0 1000 240 360 30 3 2 -1
4 0 1000 0 1000 0 1000 0 1000 0 1000 0 1000 0 1000 240 360 30 4 0 -1
5 0 1000 0 1000 0 1000 0 1000 0 1000 0 1000 0 1000 240 360 30 5 0 -1
6 0 1000 0 1000 0 1000 0 1000 0 1000 0 1000 0 1000 240 360 30 6 1 -1
7 0 1000 0 1000 0 1000 0 1000 0 1000 0 1000 0 1000 240 360 30 7 2 -1
8 0 1000 0 1000 0 1000 0 1000 0 1000 0 1000 0 1000 240 360 30 8 0 -1

jobs: nr, include, exclude, qual, language(4), pref,  duration, a, b, asoft, bsoft, ident, freq, Mo, Di, Mi, Do, Fr, Sa, So, ltl, utl
1 0 0 3 0 1 0 0 0 25 480 600 510 570 1 1 0 0 0 0 0 0 1 6 6
2 0 0 3 1 1 0 1 3 53 0 120 25 85 2 1 0 0 0 0 0 0 1 6 6
3 0 0 1 1 0 0 0 6 29 360 480 410 470 3 1 0 1 0 0 0 0 0 6 6
4 0 0 2 0 0 1 0 0 58 120 240 120 180 4 1 0 0 0 0 1 0 0 6 6
5 0 0 3 1 1 1 0 0 35 0 120 30 90 5 3 0 1 1 0 1 0 0 1 4
6 0 0 3 1 1 1 0 2 19 600 720 635 695 6 6 1 1 1 0 1 1 1 1 2
7 0 0 2 1 0 1 1 1 49 240 360 250 310 7 2 1 1 0 0 0 0 0 2 5
8 0 0 3 1 0 0 0 0 21 120 240 130 190 8 1 0 1 0 0 0 0 0 6 6
9 0 1 2 1 1 0 1 4 47 600 720 650 710 9 7 1 1 1 1 1 1 1 1 1
10 0 0 1 1 0 1 1 8 26 360 480 420 480 10 6 1 0 1 1 1 1 1 1 2
11 0 0 3 1 1 1 0 0 5 480 600 515 575 11 7 1 1 1 1 1 1 1 1 1
12 0 0 1 0 1 0 1 4 49 360 480 360 420 12 2 1 0 0 0 1 0 0 2 5
13 0 4 2 0 1 0 0 2 46 240 360 295 355 13 2 0 1 0 0 1 0 0 2 5
14 0 4 2 1 1 0 1 3 44 360 480 405 465 14 1 0 0 1 0 0 0 0 6 6
15 0 0 1 1 0 1 1 8 61 480 600 510 570 15 7 1 1 1 1 1 1 1 1 1
16 0 3 2 1 1 0 0 0 54 120 240 140 200 16 5 1 1 1 0 1 1 0 1 2
17 0 0 1 1 0 0 0 6 57 480 600 495 555 17 1 0 0 0 0 0 1 0 6 6
18 0 7 1 0 0 1 1 8 6 360 480 395 455 18 3 1 1 1 0 0 0 0 1 4
19 0 1 2 1 1 1 0 2 59 240 360 300 360 19 5 1 1 1 1 0 0 1 1 2
20 0 0 3 0 1 1 1 0 45 120 240 160 220 20 6 1 1 1 1 0 1 1 1 2
21 0 7 1 1 0 0 1 8 41 600 720 620 680 21 1 0 0 1 0 0 0 0 6 6
22 0 0 2 0 1 0 1 5 45 480 600 485 545 22 7 1 1 1 1 1 1 1 1 1
23 0 0 3 1 0 0 0 0 26 240 360 250 310 23 6 1 1 1 1 1 0 1 1 2
24 0 0 2 0 1 0 0 0 31 0 120 0 60 24 7 1 1 1 1 1 1 1 1 1
25 0 0 3 0 0 1 1 1 21 240 360 290 350 25 2 1 0 0 1 0 0 0 2 5
26 0 4 2 1 1 1 1 2 44 120 240 175 235 26 2 0 0 0 0 0 1 1 2 5
27 0 4 1 1 1 1 1 6 63 600 720 630 690 27 4 1 0 1 0 1 0 1 1 3
28 0 3 2 1 1 0 0 4 39 0 120 5 65 28 3 0 0 1 1 0 1 0 1 4
29 0 1 3 0 1 0 1 3 10 0 120 50 110 29 5 1 1 1 0 0 1 1 1 2
30 0 0 3 0 1 1 0 0 19 0 120 50 110 30 2 0 0 1 0 1 0 0 2 5
31 0 5 1 1 0 1 0 8 42 600 720 630 690 31 4 0 0 1 1 1 0 1 1 3
32 0 1 3 1 1 1 1 3 13 360 480 365 425 32 4 1 1 1 0 1 0 0 1 3
33 0 5 2 1 0 0 1 3 53 600 720 640 700 33 3 1 1 0 1 0 0 0 1 4
34 0 4 2 0 1 0 1 0 5 600 720 640 700 34 6 1 1 0 1 1 1 1 1 2
35 0 0 3 1 1 0 1 0 19 240 360 285 345 35 6 1 1 0 1 1 1 1 1 2
36 0 2 2 1 1 1 1 5 16 360 480 365 425 36 5 1 1 0 0 1 1 1 1 2
37 0 7 1 0 1 1 0 4 48 240 360 275 335 37 4 0 0 1 1 0 1 1 1 3
38 0 0 3 1 0 1 1 2 11 600 720 635 695 38 1 0 0 0 1 0 0 0 6 6
39 0 5 1 1 1 0 0 7 27 120 240 165 225 39 6 1 1 1 1 1 0 1 1 2
40 0 6 1 1 1 0 0 5 38 240 360 270 330 40 7 1 1 1 1 1 1 1 1 1

dist
0 14 22 41 32 16 15 37 40 8 33 40 18 36 13 8 32 16 14 43 47 22 29 40 5 47 15 47 38 40 18 35 37 3 10 8 6 12 23 25 29 33 8 10 22 36 11 11 37 
14 0 21 34 29 15 8 37 26 11 35 41 15 39 2 19 23 10 15 31 40 17 33 43 19 41 4 36 26 26 6 35 28 12 19 7 20 21 20 11 34 22 6 7 14 30 10 15 28 
22 21 0 22 10 7 29 16 33 14 14 19 6 18 23 17 17 12 8 29 26 7 13 21 25 26 25 32 27 43 27 14 20 18 15 17 24 15 5 29 15 21 23 16 11 15 13 11 20 
41 34 22 0 14 26 41 22 24 33 28 24 24 31 36 39 10 25 28 12 7 19 31 32 45 9 37 13 16 41 37 21 6 38 37 33 45 37 18 34 33 14 38 32 20 7 30 32 6 
32 29 10 14 0 16 37 11 32 23 14 14 14 18 31 27 13 19 17 24 16 12 17 20 35 16 33 26 24 45 34 9 14 28 25 25 34 24 9 33 19 19 31 24 15 7 21 21 14 
16 15 7 26 16 0 22 23 31 7 20 26 2 24 16 13 18 6 2 30 31 6 18 28 19 31 19 33 27 38 21 21 22 12 11 10 19 12 7 24 19 21 16 9 9 20 6 5 22 
15 8 29 41 37 22 0 45 31 17 43 48 23 46 6 23 31 18 22 38 48 25 40 50 19 49 4 42 32 26 5 43 36 15 24 13 21 26 28 13 41 29 7 13 22 38 16 21 36 
37 37 16 22 11 23 45 0 43 30 7 3 22 9 39 30 24 27 24 34 22 21 12 9 39 20 41 36 35 56 43 2 25 34 28 33 37 26 18 44 13 30 39 32 25 16 29 26 25 
40 26 33 24 32 31 31 43 0 34 45 46 29 49 28 43 18 26 33 13 31 26 46 52 45 33 27 16 8 18 25 41 19 37 42 31 45 43 28 18 48 12 32 30 22 27 31 36 19 
8 11 14 33 23 7 17 30 34 0 26 33 9 30 12 9 24 8 6 35 38 13 23 33 12 39 14 39 31 37 17 28 29 5 8 4 12 10 15 22 24 26 9 4 13 28 3 4 29 
33 35 14 28 14 20 43 7 45 26 0 8 20 4 37 25 27 26 20 38 28 21 5 7 34 26 39 40 38 57 42 7 29 30 23 30 32 21 18 43 6 33 35 29 25 21 26 22 29 
40 41 19 24 14 26 48 3 46 33 8 0 25 8 42 33 27 31 27 36 23 24 13 8 42 21 45 38 38 59 46 5 27 37 31 36 40 29 21 47 14 33 42 35 28 18 32 29 27 
18 15 6 24 14 2 23 22 29 9 20 25 0 24 17 15 16 5 4 27 29 4 19 28 21 29 19 31 25 37 21 20 20 14 13 11 21 14 5 23 20 19 17 10 7 18 7 8 20 
36 39 18 31 18 24 46 9 49 30 4 8 24 0 41 28 31 30 24 42 31 25 7 4 37 29 43 44 42 61 46 10 32 33 26 33 35 24 22 48 7 37 39 33 29 24 30 25 32 
13 2 23 36 31 16 6 39 28 12 37 42 17 41 0 19 25 12 16 33 42 19 34 44 18 43 2 38 28 26 5 37 30 12 20 7 19 22 22 12 35 24 5 8 16 32 11 16 30 
8 19 17 39 27 13 23 30 43 9 25 33 15 28 19 0 31 17 11 43 43 20 21 32 9 43 22 47 39 46 25 29 36 7 2 12 7 4 20 31 21 34 15 13 21 33 12 7 36 
32 23 17 10 13 18 31 24 18 24 27 27 16 31 25 31 0 16 20 12 17 11 29 33 37 19 26 15 11 33 26 22 5 29 30 24 36 30 12 24 31 5 28 22 10 9 21 24 5 
16 10 12 25 19 6 18 27 26 8 26 31 5 30 12 17 16 0 7 26 31 7 24 34 21 32 14 30 22 32 15 25 21 13 16 7 21 17 10 17 26 17 13 6 5 21 5 10 21 
14 15 8 28 17 2 22 24 33 6 20 27 4 24 16 11 20 7 0 32 33 8 18 28 17 33 19 36 29 39 21 22 25 10 9 9 16 10 9 24 19 23 15 8 11 22 5 3 25 
43 31 29 12 24 30 38 34 13 35 38 36 27 42 33 43 12 26 32 0 18 23 40 43 47 21 34 4 6 31 33 32 9 39 41 34 47 42 24 27 42 9 37 32 21 17 32 35 9 
47 40 26 7 16 31 48 22 31 38 28 23 29 31 42 43 17 31 33 18 0 25 32 31 51 2 43 17 23 48 44 21 13 43 41 39 50 41 23 41 34 21 44 38 26 10 36 36 13 
22 17 7 19 12 6 25 21 26 13 21 24 4 25 19 20 11 7 8 23 25 0 20 28 26 25 21 27 21 36 22 19 16 18 18 14 25 18 3 22 22 15 19 13 4 14 10 12 16 
29 33 13 31 17 18 40 12 46 23 5 13 19 7 34 21 29 24 18 40 32 20 0 11 30 31 37 43 40 56 39 11 31 26 19 27 28 17 18 42 2 34 32 26 25 24 23 18 31 
40 43 21 32 20 28 50 9 52 33 7 8 28 4 44 32 33 34 28 43 31 28 11 0 41 29 47 45 44 64 49 11 34 37 30 37 39 28 25 51 11 39 43 37 32 26 33 29 34 
5 19 25 45 35 19 19 39 45 12 34 42 21 37 18 9 37 21 17 47 51 26 30 41 0 51 20 51 43 44 23 37 42 8 11 13 2 13 27 30 30 38 13 15 26 40 15 14 42 
47 41 26 9 16 31 49 20 33 39 26 21 29 29 43 43 19 32 33 21 2 25 31 29 51 0 45 20 25 50 45 19 15 44 41 40 50 41 23 43 32 23 45 38 27 11 36 37 15 
15 4 25 37 33 19 4 41 27 14 39 45 19 43 2 22 26 14 19 34 43 21 37 47 20 45 0 38 28 24 3 39 31 14 22 10 21 24 24 10 38 25 7 10 18 34 13 19 31 
47 36 32 13 26 33 42 36 16 39 40 38 31 44 38 47 15 30 36 4 17 27 43 45 51 20 38 0 10 34 37 34 12 43 45 38 51 45 27 31 45 13 41 36 25 19 36 39 12 
38 26 27 16 24 27 32 35 8 31 38 38 25 42 28 39 11 22 29 6 23 21 40 44 43 25 28 10 0 25 27 33 11 35 38 29 43 39 22 21 42 6 32 28 18 19 28 32 11 
40 26 43 41 45 38 26 56 18 37 57 59 37 61 26 46 33 32 39 31 48 36 56 64 44 50 24 34 25 0 21 54 35 38 46 33 46 47 38 15 58 27 31 33 31 42 35 41 35 
18 6 27 37 34 21 5 43 25 17 42 46 21 46 5 25 26 15 21 33 44 22 39 49 23 45 3 37 27 21 0 41 31 17 25 13 24 27 25 7 41 24 10 13 19 35 16 21 31 
35 35 14 21 9 21 43 2 41 28 7 5 20 10 37 29 22 25 22 32 21 19 11 11 37 19 39 34 33 54 41 0 23 32 26 31 36 25 16 42 13 28 37 30 23 14 27 24 23 
37 28 20 6 14 22 36 25 19 29 29 27 20 32 30 36 5 21 25 9 13 16 31 34 42 15 31 12 11 35 31 23 0 34 34 29 41 34 15 28 33 8 33 27 15 8 26 28 0 
3 12 18 38 28 12 15 34 37 5 30 37 14 33 12 7 29 13 10 39 43 18 26 37 8 44 14 43 35 38 17 32 34 0 8 6 8 10 20 23 26 30 7 7 18 33 7 8 34 
10 19 15 37 25 11 24 28 42 8 23 31 13 26 20 2 30 16 9 41 41 18 19 30 11 41 22 45 38 46 25 26 34 8 0 12 9 2 18 30 19 32 16 13 20 31 11 6 34 
8 7 17 33 25 10 13 33 31 4 30 36 11 33 7 12 24 7 9 34 39 14 27 37 13 40 10 38 29 33 13 31 29 6 12 0 14 14 16 18 28 24 6 1 13 29 4 8 29 
6 20 24 45 34 19 21 37 45 12 32 40 21 35 19 7 36 21 16 47 50 25 28 39 2 50 21 51 43 46 24 36 41 8 9 14 0 11 26 31 28 38 14 15 26 39 15 13 41 
12 21 15 37 24 12 26 26 43 10 21 29 14 24 22 4 30 17 10 42 41 18 17 28 13 41 24 45 39 47 27 25 34 10 2 14 11 0 18 32 17 33 18 14 21 30 12 7 34 
23 20 5 18 9 7 28 18 28 15 18 21 5 22 22 20 12 10 9 24 23 3 18 25 27 23 24 27 22 38 25 16 15 20 18 16 26 18 0 25 20 16 22 15 7 12 13 13 15 
25 11 29 34 33 24 13 44 18 22 43 47 23 48 12 31 24 17 24 27 41 22 42 51 30 43 10 31 21 15 7 42 28 23 30 18 31 32 25 0 43 20 17 17 18 33 20 26 28 
29 34 15 33 19 19 41 13 48 24 6 14 20 7 35 21 31 26 19 42 34 22 2 11 30 32 38 45 42 58 41 13 33 26 19 28 28 17 20 43 0 36 33 27 26 26 24 19 33 
33 22 21 14 19 21 29 30 12 26 33 33 19 37 24 34 5 17 23 9 21 15 34 39 38 23 25 13 6 27 24 28 8 30 32 24 38 33 16 20 36 0 28 23 12 15 22 26 8 
8 6 23 38 31 16 7 39 32 9 35 42 17 39 5 15 28 13 15 37 44 19 32 43 13 45 7 41 32 31 10 37 33 7 16 6 14 18 22 17 33 28 0 7 18 34 10 13 33 
10 7 16 32 24 9 13 32 30 4 29 35 10 33 8 13 22 6 8 32 38 13 26 37 15 38 10 36 28 33 13 30 27 7 13 1 15 14 15 17 27 23 7 0 12 27 3 8 27 
22 14 11 20 15 9 22 25 22 13 25 28 7 29 16 21 10 5 11 21 26 4 25 32 26 27 18 25 18 31 19 23 15 18 20 13 26 21 7 18 26 12 18 12 0 16 10 14 15 
36 30 15 7 7 20 38 16 27 28 21 18 18 24 32 33 9 21 22 17 10 14 24 26 40 11 34 19 19 42 35 14 8 33 31 29 39 30 12 33 26 15 34 27 16 0 25 26 8 
11 10 13 30 21 6 16 29 31 3 26 32 7 30 11 12 21 5 5 32 36 10 23 33 15 36 13 36 28 35 16 27 26 7 11 4 15 12 13 20 24 22 10 3 10 25 0 5 26 
11 15 11 32 21 5 21 26 36 4 22 29 8 25 16 7 24 10 3 35 36 12 18 29 14 37 19 39 32 41 21 24 28 8 6 8 13 7 13 26 19 26 13 8 14 26 5 0 28 
37 28 20 6 14 22 36 25 19 29 29 27 20 32 30 36 5 21 25 9 13 16 31 34 42 15 31 12 11 35 31 23 0 34 34 29 41 34 15 28 33 8 33 27 15 8 26 28 0 
