Name: 1,3,5 spricht Sprache 4
Comment: 1312797434 1269439039, Pf. 4 lässt 4 zu
Type: s 
Nurses:6
Workers: 6
Clients: 30
Jobs: 30
Dkws: 0
Related: 0
Synchron: 0

nurses qualification: nr, exclude, qual, language (4), usual shift length, extra 
1 16 3 1 0 1 1 240 1
2 0 3 0 0 1 1 180 1
3 17 2 0 1 1 0 240 1
4 0 2 1 1 0 1 360 1
5 24 1 1 1 0 1 480 1
6 21 1 1 0 1 0 300 1

workers: nr, anurse(7) + bnurse(7), abreak, bbreak, pause, ident, start (unbez.home/depot/bez.home (0,1,2))
1 470 710 135 375 440 680 305 545 225 465 0 240 320 560 240 360 30 1 0 -1
2 230 410 505 685 160 340 440 620 75 255 505 685 180 360 240 360 30 2 2 -1
3 425 665 335 575 450 690 0 240 230 470 180 420 35 275 240 360 30 3 0 -1
4 30 390 35 395 40 400 265 625 285 645 240 600 10 370 240 360 30 4 0 -1 
5 170 650 0 480 200 680 120 600 35 515 0 480 110 590 240 360 30 5 1 -1 
6 320 620 95 395 280 580 110 410 370 670 390 690 65 365 240 360 30 6 1 -1

jobs: nr, include, exclude, qual, language(4), pref,  duration, a, b, asoft, bsoft, ident, freq, Mo, Di, Mi, Do, Fr, Sa, So, ltl, utl
1 0 0 3 1 0 0 0 1 6 600 720 630 690 1 5 1 1 1 0 0 1 1 1 2
2 0 0 2 1 0 0 0 4 18 600 720 615 675 2 4 1 0 1 1 0 1 0 1 3
3 0 0 3 1 0 0 0 0 28 600 720 600 660 3 1 0 0 1 0 0 0 0 6 6
4 0 0 2 1 0 0 1 0 17 0 120 10 70 4 4 1 0 0 1 0 1 1 1 3
5 0 0 3 1 0 0 1 1 19 120 240 130 190 5 3 0 0 1 0 1 1 0 1 4
6 0 3 1 0 0 1 1 0 60 240 360 250 310 6 6 1 1 0 1 1 1 1 1 2
7 0 5 1 0 0 1 0 0 53 240 360 285 345 7 5 0 1 1 0 1 1 1 1 2
8 0 4 1 1 1 0 1 3 57 120 240 140 200 8 4 0 1 1 0 1 1 0 1 3
9 0 3 1 1 0 0 0 5 34 480 600 500 560 9 4 0 1 0 1 1 1 0 1 3
10 0 0 3 1 1 1 0 1 28 0 120 40 100 10 1 0 0 0 0 1 0 0 6 6
11 0 0 3 1 1 0 0 0 8 120 240 150 210 11 3 1 0 0 0 1 0 1 1 4
12 0 0 3 1 1 0 1 0 52 120 240 150 210 12 5 1 1 1 1 0 1 0 1 2
13 0 3 2 0 0 1 1 4 44 360 480 380 440 13 3 1 1 1 0 0 0 0 1 4
14 0 3 1 1 0 1 0 5 62 120 240 135 195 14 3 1 0 0 1 1 0 0 1 4
15 0 0 3 1 0 0 1 0 31 600 720 655 715 15 2 0 0 1 1 0 0 0 2 5
16 0 4 1 0 0 1 1 5 50 480 600 520 580 16 5 1 1 1 0 1 1 0 1 2
17 0 0 3 0 1 1 0 1 23 120 240 140 200 17 6 1 1 1 0 1 1 1 1 2
18 0 0 2 1 1 0 0 4 50 0 120 5 65 18 5 0 1 1 1 1 0 1 1 2
19 0 0 2 1 1 0 1 0 54 600 720 655 715 19 3 0 1 1 0 1 0 0 1 4
20 0 3 2 1 0 1 0 1 44 480 600 520 580 20 6 1 1 1 1 1 1 0 1 2
21 0 1 2 0 1 0 1 0 19 360 480 370 430 21 2 1 0 0 0 0 0 1 2 5
22 0 0 3 0 1 0 1 0 25 0 120 45 105 22 7 1 1 1 1 1 1 1 1 1
23 0 5 1 0 0 1 0 0 51 240 360 270 330 23 4 1 0 1 0 0 1 1 1 3
24 0 0 2 1 0 0 0 1 51 120 240 155 215 24 3 0 0 1 1 0 1 0 1 4
25 0 3 1 1 0 0 0 0 68 360 480 385 445 25 4 0 1 0 1 1 0 1 1 3
26 0 1 3 0 0 1 0 2 20 240 360 275 335 26 5 1 1 0 1 1 1 0 1 2
27 0 4 1 0 0 0 1 0 40 120 240 155 215 27 1 0 0 1 0 0 0 0 6 6
28 0 2 1 1 1 1 1 3 31 600 720 630 690 28 2 0 1 0 0 1 0 0 2 5
29 0 1 2 1 0 1 0 3 43 360 480 370 430 29 1 0 0 0 1 0 0 0 6 6
30 0 1 2 0 0 0 1 2 58 360 480 410 470 30 7 1 1 1 1 1 1 1 1 1

dist
0 15 11 7 29 29 23 20 22 31 11 29 17 34 15 10 8 12 4 25 29 8 19 32 14 38 8 26 28 9 24 40 18 19 21 5 16 
15 0 26 19 28 42 29 27 32 43 26 42 26 43 20 22 20 28 19 10 34 21 34 32 30 50 19 12 21 23 17 42 31 34 35 15 31 
11 26 0 13 38 26 28 25 25 28 2 25 21 36 23 15 7 6 9 36 34 11 13 40 9 36 14 37 39 4 34 47 18 8 17 14 6 
7 19 13 0 24 23 16 13 15 24 12 23 10 27 9 3 14 11 4 28 22 3 16 27 12 32 1 27 26 13 22 34 12 18 16 3 15 
29 28 38 24 0 34 14 16 21 34 36 36 19 26 14 23 38 35 29 30 13 27 36 4 34 37 23 24 10 38 12 14 27 42 33 24 39 
29 42 26 23 34 0 20 18 13 2 24 2 17 14 25 20 33 20 25 51 21 21 14 33 17 10 23 48 41 30 39 34 11 23 9 26 22 
23 29 28 16 14 20 0 3 7 20 26 22 7 14 9 13 31 24 20 35 6 17 23 13 22 24 15 31 22 30 21 19 13 31 19 18 28 
20 27 25 13 16 18 3 0 5 18 23 20 3 16 7 10 27 20 17 34 9 13 20 17 19 24 12 31 23 26 21 22 10 27 16 15 24 
22 32 25 15 21 13 7 5 0 13 23 15 5 12 12 12 29 19 19 39 10 15 17 20 17 19 14 36 28 27 26 24 7 25 13 18 23 
31 43 28 24 34 2 20 18 13 0 26 4 18 12 25 21 35 22 26 52 21 23 16 33 19 8 24 49 42 32 40 34 12 25 11 28 24 
11 26 2 12 36 24 26 23 23 26 0 23 19 34 22 13 9 4 8 36 32 9 11 38 7 34 13 37 38 5 34 46 16 8 15 13 5 
29 42 25 23 36 2 22 20 15 4 23 0 18 16 26 20 32 19 24 51 24 21 12 35 16 12 23 49 43 29 41 37 11 21 8 27 20 
17 26 21 10 19 17 7 3 5 18 19 18 0 18 7 7 24 17 14 34 13 10 17 20 15 24 9 31 25 23 22 26 8 24 14 12 21 
34 43 36 27 26 14 14 16 12 12 34 16 18 0 23 24 41 30 31 50 12 27 26 23 27 12 26 46 35 39 35 22 18 35 20 30 33 
15 20 23 9 14 25 9 7 12 25 22 26 7 23 0 8 23 20 14 26 15 12 23 17 20 32 8 23 18 23 15 25 15 28 21 9 25 
10 22 15 3 23 20 13 10 12 21 13 20 7 24 8 0 17 11 7 30 19 3 15 25 11 29 2 29 26 16 23 32 9 19 13 6 16 
8 20 7 14 38 33 31 27 29 35 9 32 24 41 23 17 0 13 10 30 37 14 20 40 16 43 15 32 37 3 32 49 23 16 24 13 14 
12 28 6 11 35 20 24 20 19 22 4 19 17 30 20 11 13 0 9 38 29 8 7 36 3 30 12 38 37 9 33 43 12 7 11 14 4 
4 19 9 4 29 25 20 17 19 26 8 24 14 31 14 7 10 9 0 29 26 4 15 31 10 34 5 29 29 9 25 39 14 16 16 5 13 
25 10 36 28 30 51 35 34 39 52 36 51 34 50 26 30 30 38 29 0 39 31 44 34 39 58 28 6 21 33 17 44 39 44 44 25 41 
29 34 34 22 13 21 6 9 10 21 32 24 13 12 15 19 37 29 26 39 0 23 28 12 27 23 21 35 23 36 24 14 18 36 23 24 33 
8 21 11 3 27 21 17 13 15 23 9 21 10 27 12 3 14 8 4 31 23 0 13 29 9 30 4 30 29 12 25 36 10 16 13 6 13 
19 34 13 16 36 14 23 20 17 16 11 12 17 26 23 15 20 7 15 44 28 13 0 37 5 24 17 43 41 17 38 42 10 9 5 19 8 
32 32 40 27 4 33 13 17 20 33 38 35 20 23 17 25 40 36 31 34 12 29 37 0 35 35 25 28 14 40 16 10 27 44 33 26 41 
14 30 9 12 34 17 22 19 17 19 7 16 15 27 20 11 16 3 10 39 27 9 5 35 0 27 13 39 38 13 34 41 9 8 8 15 5 
38 50 36 32 37 10 24 24 19 8 34 12 24 12 32 29 43 30 34 58 23 30 24 35 27 0 32 55 46 40 45 34 20 33 19 35 32 
8 19 14 1 23 23 15 12 14 24 13 23 9 26 8 2 15 12 5 28 21 4 17 25 13 32 0 26 25 15 21 33 12 20 16 3 17 
26 12 37 27 24 48 31 31 36 49 37 49 31 46 23 29 32 38 29 6 35 30 43 28 39 55 26 0 15 34 12 38 38 45 43 24 42 
28 21 39 26 10 41 22 23 28 42 38 43 25 35 18 26 37 37 29 21 23 29 41 14 38 46 25 15 0 38 5 23 33 45 39 24 42 
9 23 4 13 38 30 30 26 27 32 5 29 23 39 23 16 3 9 9 33 36 12 17 40 13 40 15 34 38 0 33 48 21 12 21 14 10 
24 17 34 22 12 39 21 21 26 40 34 41 22 35 15 23 32 33 25 17 24 25 38 16 34 45 21 12 5 33 0 26 30 41 36 20 38 
40 42 47 34 14 34 19 22 24 34 46 37 26 22 25 32 49 43 39 44 14 36 42 10 41 34 33 38 23 48 26 0 32 50 37 35 47 
18 31 18 12 27 11 13 10 7 12 16 11 8 18 15 9 23 12 14 39 18 10 10 27 9 20 12 38 33 21 30 32 0 18 6 15 15 
19 34 8 18 42 23 31 27 25 25 8 21 24 35 28 19 16 7 16 44 36 16 9 44 8 33 20 45 45 12 41 50 18 0 14 21 3 
21 35 17 16 33 9 19 16 13 11 15 8 14 20 21 13 24 11 16 44 23 13 5 33 8 19 16 43 39 21 36 37 6 14 0 19 13 
5 15 14 3 24 26 18 15 18 28 13 27 12 30 9 6 13 14 5 25 24 6 19 26 15 35 3 24 24 14 20 35 15 21 19 0 18 
16 31 6 15 39 22 28 24 23 24 5 20 21 33 25 16 14 4 13 41 33 13 8 41 5 32 17 42 42 10 38 47 15 3 13 18 0 
