Name: Pf. 4 kann auch Sprache 4
Comment: 1323247503 1323247503
Type: s 
Nurses:6
Workers: 6
Clients: 30
Jobs: 30
Dkws: 0
Related: 0
Synchron: 0

nurses qualification: nr, exclude, qual, language (4), usual shift length, extra 
1 5 3 1 1 0 0 360 1
2 28 3 1 1 0 1 420 1
3 15 2 0 0 1 0 300 1
4 3 2 1 0 0 1 480 1
5 6 1 1 0 0 1 420 1
6 22 1 1 1 0 1 180 1

workers: nr, anurse(7) + bnurse(7), abreak, bbreak, pause, ident, start (unbez.home/depot/bez.home (0,1,2))
1 0 1000 0 1000 0 1000 0 1000 0 1000 0 1000 0 1000 240 360 30 1 2 -1
2 0 1000 0 1000 0 1000 0 1000 0 1000 0 1000 0 1000 240 360 30 2 1 -1
3 0 1000 0 1000 0 1000 0 1000 0 1000 0 1000 0 1000 240 360 30 3 1 -1 
4 0 1000 0 1000 0 1000 0 1000 0 1000 0 1000 0 1000 240 360 30 4 2 -1
5 0 1000 0 1000 0 1000 0 1000 0 1000 0 1000 0 1000 240 360 30 5 0 -1
6 0 1000 0 1000 0 1000 0 1000 0 1000 0 1000 0 1000 240 360 30 6 2 -1

jobs: nr, include, exclude, qual, language(4), pref,  duration, a, b, asoft, bsoft, ident, freq, Mo, Di, Mi, Do, Fr, Sa, So, ltl, utl
1 0 0 2 1 1 0 0 4 32 600 720 620 680 1 7 1 1 1 1 1 1 1 1 1
2 0 3 2 1 1 1 0 2 67 360 480 410 470 2 3 0 1 1 1 0 0 0 1 4
3 0 0 3 1 1 1 0 1 17 240 360 240 300 3 3 1 0 1 0 0 1 0 1 4
4 0 5 1 1 1 1 1 3 47 360 480 395 455 4 1 0 0 1 0 0 0 0 6 6
5 0 0 3 1 0 0 0 1 5 480 600 505 565 5 4 0 1 0 1 1 1 0 1 3
6 0 4 1 0 0 1 1 6 50 360 480 365 425 6 4 0 1 0 0 1 1 1 1 3
7 0 0 2 1 1 1 1 1 62 120 240 120 180 7 5 1 1 0 1 0 1 1 1 2
8 0 0 2 0 0 1 0 3 30 600 720 630 690 8 1 0 1 0 0 0 0 0 6 6
9 0 3 1 1 0 1 1 5 63 480 600 500 560 9 2 0 1 0 0 0 0 1 2 5
10 0 5 1 0 0 1 1 0 31 360 480 395 455 10 3 0 0 1 1 1 0 0 1 4
11 0 2 1 1 0 1 1 0 62 120 240 170 230 11 4 1 0 1 0 1 1 0 1 3
12 0 5 1 0 1 1 0 6 22 480 600 540 600 12 7 1 1 1 1 1 1 1 1 1
13 0 4 1 1 0 1 0 5 50 0 120 10 70 13 3 1 0 0 0 1 1 0 1 4
14 0 0 1 0 0 1 0 3 28 0 120 50 110 14 3 1 0 0 0 1 0 1 1 4
15 0 3 1 1 0 1 1 5 32 360 480 415 475 15 4 1 1 1 1 0 0 0 1 3
16 0 4 1 1 0 0 0 6 32 120 240 155 215 16 6 1 1 1 0 1 1 1 1 2
17 0 1 3 1 1 0 1 0 5 0 120 5 65 17 1 0 0 0 0 0 0 1 6 6
18 0 0 3 0 1 0 1 2 23 360 480 380 440 18 2 1 1 0 0 0 0 0 2 5
19 0 0 3 1 1 1 0 0 10 600 720 635 695 19 1 0 0 0 0 0 0 1 6 6
20 0 0 2 0 0 1 0 0 54 240 360 240 300 20 3 1 0 0 1 0 0 1 1 4
21 0 0 2 0 0 0 1 2 52 360 480 365 425 21 1 0 0 0 0 1 0 0 6 6
22 0 2 2 0 1 1 1 0 67 360 480 375 435 22 3 1 1 0 0 0 0 1 1 4
23 0 0 2 0 0 0 1 0 55 240 360 290 350 23 1 1 0 0 0 0 0 0 6 6
24 0 1 2 0 0 1 1 3 48 600 720 610 670 24 3 1 0 0 0 0 1 1 1 4
25 0 1 2 1 0 1 1 4 62 120 240 130 190 25 6 1 1 1 1 1 1 0 1 2
26 0 1 3 1 1 1 0 0 14 240 360 295 355 26 3 0 1 0 1 1 0 0 1 4
27 0 0 3 1 0 1 0 1 32 600 720 610 670 27 3 0 1 0 1 0 1 0 1 4
28 0 0 3 0 1 1 1 1 5 0 120 5 65 28 6 1 1 0 1 1 1 1 1 2
29 0 0 3 0 1 0 0 0 45 480 600 500 560 29 5 1 1 1 1 1 0 0 1 2
30 0 0 3 0 0 0 1 0 31 240 360 240 300 30 6 0 1 1 1 1 1 1 1 2

dist
0 31 27 2 24 35 29 16 18 42 11 42 38 11 14 5 12 31 3 34 21 24 8 27 12 29 16 25 39 26 15 13 19 14 23 29 8 
31 0 36 33 32 13 44 42 13 19 39 24 9 41 38 36 34 29 30 5 42 32 39 45 37 43 37 7 9 43 16 19 22 40 16 15 39 
27 36 0 25 4 30 8 20 24 32 37 29 45 35 17 28 16 12 30 42 13 4 33 11 40 7 13 36 46 10 31 21 41 41 19 23 26 
2 33 25 0 22 37 27 13 20 42 12 42 40 10 11 3 10 31 5 36 18 22 8 25 14 27 14 27 41 24 17 14 21 15 23 29 6 
24 32 4 22 0 27 11 19 20 30 34 27 41 32 16 25 14 10 26 38 14 0 30 13 36 10 12 31 41 12 27 16 36 38 15 19 24 
35 13 30 37 27 0 39 43 17 7 46 11 19 47 39 40 35 20 36 18 40 27 44 41 45 38 36 18 18 39 24 22 33 48 14 8 42 
29 44 8 27 11 39 0 17 31 41 38 37 53 34 16 29 17 20 32 49 9 11 33 3 41 1 13 42 53 3 36 26 45 42 27 31 25 
16 42 20 13 19 43 17 0 28 47 22 45 51 18 4 13 8 30 19 47 7 19 17 14 25 17 7 38 51 13 29 22 35 26 29 35 9 
18 13 24 20 20 17 31 28 0 23 29 24 22 30 25 23 20 21 19 18 28 20 27 31 28 30 23 11 23 30 9 6 19 31 7 11 26 
42 19 32 42 30 7 41 47 23 0 52 5 25 53 43 46 39 21 42 24 44 30 51 43 52 40 40 25 24 42 31 28 40 55 19 13 47 
11 39 37 12 34 46 38 22 29 52 0 53 45 5 22 9 21 43 10 41 29 34 5 36 4 38 25 32 46 35 22 24 21 4 34 40 13 
42 24 29 42 27 11 37 45 24 5 53 0 30 53 41 46 38 17 43 29 41 27 51 40 53 36 38 29 29 39 33 28 42 55 19 13 46 
38 9 45 40 41 19 53 51 22 25 45 30 0 48 47 43 43 38 37 4 51 41 46 54 42 52 46 13 1 53 23 28 25 45 26 23 46 
11 41 35 10 32 47 34 18 30 53 5 53 48 0 18 7 18 41 11 44 25 32 2 32 9 34 22 35 49 31 25 25 25 8 34 40 9 
14 38 17 11 16 39 16 4 25 43 22 41 47 18 0 13 4 26 17 43 7 16 17 14 25 16 4 34 48 13 26 18 32 26 25 31 9 
5 36 28 3 25 40 29 13 23 46 9 46 43 7 13 0 12 34 6 39 20 25 5 27 12 29 16 30 44 26 20 18 23 13 27 33 5 
12 34 16 10 14 35 17 8 20 39 21 38 43 18 4 12 0 24 15 39 9 14 17 15 24 17 4 30 44 14 22 14 29 25 21 27 10 
31 29 12 31 10 20 20 30 21 21 43 17 38 41 26 34 24 0 34 35 25 10 39 23 44 19 22 31 38 22 30 20 40 46 14 14 33 
3 30 30 5 26 36 32 19 19 42 10 43 37 11 17 6 15 34 0 33 24 26 9 30 10 32 19 24 38 29 14 14 16 12 24 30 11 
34 5 42 36 38 18 49 47 18 24 41 29 4 44 43 39 39 35 33 0 47 38 42 50 38 48 42 9 5 49 19 24 21 41 22 21 42 
21 42 13 18 14 40 9 7 28 44 29 41 51 25 7 20 9 25 24 47 0 14 24 7 32 10 5 39 51 6 31 23 39 33 26 32 16 
24 32 4 22 0 27 11 19 20 30 34 27 41 32 16 25 14 10 26 38 14 0 30 13 36 10 12 31 41 12 27 16 36 38 15 19 24 
8 39 33 8 30 44 33 17 27 51 5 51 46 2 17 5 17 39 9 42 24 30 0 31 8 33 20 33 47 30 23 22 23 9 31 38 8 
27 45 11 25 13 41 3 14 31 43 36 40 54 32 14 27 15 23 30 50 7 13 31 0 39 4 11 43 54 1 36 26 44 40 28 33 23 
12 37 40 14 36 45 41 25 28 52 4 53 42 9 25 12 24 44 10 38 32 36 8 39 0 41 28 30 43 38 21 24 18 3 33 39 16 
29 43 7 27 10 38 1 17 30 40 38 36 52 34 16 29 17 19 32 48 10 10 33 4 41 0 13 41 52 4 36 26 44 42 26 30 25 
16 37 13 14 12 36 13 7 23 40 25 38 46 22 4 16 4 22 19 42 5 12 20 11 28 13 0 33 46 10 26 17 33 29 22 28 13 
25 7 36 27 31 18 42 38 11 25 32 29 13 35 34 30 30 31 24 9 39 31 33 43 30 41 33 0 14 41 10 16 14 33 17 18 33 
39 9 46 41 41 18 53 51 23 24 46 29 1 49 48 44 44 38 38 5 51 41 47 54 43 52 46 14 0 53 24 29 26 46 26 23 47 
26 43 10 24 12 39 3 13 30 42 35 39 53 31 13 26 14 22 29 49 6 12 30 1 38 4 10 41 53 0 35 25 43 39 27 31 22 
15 16 31 17 27 24 36 29 9 31 22 33 23 25 26 20 22 30 14 19 31 27 23 36 21 36 26 10 24 35 0 10 10 24 16 20 24 
13 19 21 14 16 22 26 22 6 28 24 28 28 25 18 18 14 20 14 24 23 16 22 26 24 26 17 16 29 25 10 0 20 27 9 15 20 
19 22 41 21 36 33 45 35 19 40 21 42 25 25 32 23 29 40 16 21 39 36 23 44 18 44 33 14 26 43 10 20 0 21 26 30 27 
14 40 41 15 38 48 42 26 31 55 4 55 45 8 26 13 25 46 12 41 33 38 9 40 3 42 29 33 46 39 24 27 21 0 36 42 17 
23 16 19 23 15 14 27 29 7 19 34 19 26 34 25 27 21 14 24 22 26 15 31 28 33 26 22 17 26 27 16 9 26 36 0 6 28 
29 15 23 29 19 8 31 35 11 13 40 13 23 40 31 33 27 14 30 21 32 19 38 33 39 30 28 18 23 31 20 15 30 42 6 0 34 
8 39 26 6 24 42 25 9 26 47 13 46 46 9 9 5 10 33 11 42 16 24 8 23 16 25 13 33 47 22 24 20 27 17 28 34 0 
