Name:Pf. 6 kann Sprache 4, Job 6 lässt 1 zu
Comment: 1355329857 1355329857
Type: s 
Nurses:6
Workers: 6
Clients: 30
Jobs: 30
Dkws: 0 
Related: 0 
Synchron: 0 

nurses qualification: nr, exclude, qual, language (4), usual shift length, extra 
1 25 3 1 1 1 1 480 1
2 13 3 1 1 1 1 360 1
3 1 2 0 1 1 0 180 1
4 29 2 0 0 0 1 180 1
5 7 1 1 1 0 0 420 1
6 3 1 0 1 1 1 300 1

workers: nr, anurse(7) + bnurse(7), abreak, bbreak, pause, ident, start (unbez.home/depot/bez.home (0,1,2))
1 0 480 210 690 220 700 10 490 205 685 155 635 125 605 240 360 30 1 2 -1
2 75 435 200 560 100 460 315 675 335 695 155 515 355 715 240 360 30 2 1 -1
3 310 490 520 700 495 675 145 325 220 400 175 355 135 315 240 360 30 3 0 -1
4 350 530 0 180 330 510 125 305 65 245 225 405 195 375 240 360 30 4 0 -1
5 15 435 105 525 140 560 280 700 285 705 210 630 100 520 240 360 30 5 0 -1
6 215 515 255 555 230 530 375 675 175 475 205 505 365 665 240 360 30 6 0 -1

jobs: nr, include, exclude, qual, language(4), pref,  duration, a, b, asoft, bsoft, ident, freq, Mo, Di, Mi, Do, Fr, Sa, So, ltl, utl
1 0 0 3 0 0 1 0 1 34 600 720 640 700 1 2 0 0 0 1 1 0 0 2 5
2 0 0 3 0 1 0 1 0 27 0 120 10 70 2 2 0 0 0 0 1 1 0 2 5
3 0 0 2 1 1 1 1 4 39 240 360 260 320 3 4 0 1 1 0 1 0 1 1 3
4 0 0 2 0 1 0 0 2 42 360 480 380 440 4 1 0 0 0 0 0 1 0 6 6
5 0 3 1 1 0 0 1 4 36 480 600 515 575 5 3 0 1 0 1 1 0 0 1 4
6 0 0 2 0 0 1 0 0 42 120 240 170 230 6 7 1 1 1 1 1 1 1 1 1
7 0 0 1 0 0 0 1 0 20 480 600 520 580 7 4 0 0 1 1 0 1 1 1 3
8 0 2 1 0 1 1 0 5 58 0 120 5 65 8 3 1 0 1 1 0 0 0 1 4
9 0 0 3 0 0 1 0 0 45 240 360 245 305 9 4 1 0 0 1 0 1 1 1 3
10 0 0 3 1 1 0 1 0 49 120 240 150 210 10 1 0 0 0 0 1 0 0 6 6
11 0 0 3 1 0 1 0 2 23 240 360 260 320 11 4 1 0 1 1 1 0 0 1 3
12 0 2 1 0 0 1 0 6 51 480 600 485 545 12 6 1 1 1 1 1 1 0 1 2
13 0 0 2 0 1 1 1 2 19 360 480 415 475 13 5 1 0 0 1 1 1 1 1 2
14 0 3 2 1 0 0 1 0 51 120 240 150 210 14 7 1 1 1 1 1 1 1 1 1
15 0 0 3 1 1 0 1 1 15 600 720 625 685 15 2 1 0 0 0 1 0 0 2 5
16 0 0 3 1 1 0 0 1 15 480 600 520 580 16 2 0 0 1 1 0 0 0 2 5
17 0 1 3 0 1 0 0 2 52 600 720 600 660 17 3 1 1 1 0 0 0 0 1 4
18 0 0 3 0 1 0 0 1 16 480 600 520 580 18 5 1 1 0 0 1 1 1 1 2
19 0 1 3 0 0 0 1 2 5 0 120 10 70 19 4 1 1 0 1 0 1 0 1 3
20 0 0 1 1 0 0 0 0 35 480 600 480 540 20 2 0 1 0 0 0 0 1 2 5
21 0 4 1 0 1 1 0 3 27 0 120 10 70 21 4 1 1 0 1 1 0 0 1 3
22 0 1 2 1 1 0 0 2 62 240 360 265 325 22 7 1 1 1 1 1 1 1 1 1
23 0 4 1 1 1 0 0 3 44 240 360 265 325 23 1 0 0 0 1 0 0 0 6 6
24 0 4 1 1 0 1 0 0 67 360 480 405 465 24 4 0 1 1 1 0 1 0 1 3
25 0 5 1 1 1 0 0 3 38 0 120 35 95 25 5 1 1 1 1 0 0 1 1 2
26 0 0 2 0 0 1 0 0 53 0 120 55 115 26 7 1 1 1 1 1 1 1 1 1
27 0 0 1 0 0 0 1 0 53 360 480 405 465 27 7 1 1 1 1 1 1 1 1 1
28 0 1 2 0 1 0 0 0 26 0 120 0 60 28 5 1 1 1 1 0 1 0 1 2
29 0 1 2 1 1 0 1 0 25 480 600 490 550 29 6 0 1 1 1 1 1 1 1 2
30 0 1 2 1 1 1 1 2 35 600 720 645 705 30 3 0 0 1 0 0 1 1 1 4

dist
0 17 9 10 9 55 38 41 51 55 5 55 36 36 11 20 46 42 37 12 12 31 21 48 26 21 37 45 42 28 9 34 40 42 6 10 15 
17 0 17 15 18 52 36 43 50 55 22 53 40 22 5 31 41 28 49 5 6 31 5 44 26 19 47 46 48 35 23 33 42 37 22 26 28 
9 17 0 17 1 45 28 32 42 45 11 46 27 31 12 14 38 37 32 15 16 22 19 38 17 12 31 36 33 20 6 25 31 33 13 10 10 
10 15 17 0 18 62 45 49 59 63 14 62 45 37 11 30 53 43 47 10 9 39 20 54 33 27 47 54 51 38 19 41 49 48 12 20 25 
9 18 1 18 0 45 28 31 41 45 11 45 26 31 13 13 37 37 31 16 17 21 20 38 17 12 30 36 32 19 6 24 30 33 14 10 10 
55 52 45 62 45 0 17 17 5 7 56 3 23 39 51 40 12 39 47 54 56 23 48 8 28 34 39 11 26 31 49 20 18 15 59 52 46 
38 36 28 45 28 17 0 9 14 18 39 17 12 28 35 25 11 30 37 38 39 7 33 10 11 17 30 10 20 17 32 4 10 7 42 36 30 
41 43 32 49 31 17 9 0 12 14 41 15 6 38 40 23 18 39 30 43 45 11 40 15 16 23 22 6 11 14 34 10 1 16 44 36 30 
51 50 42 59 41 5 14 12 0 5 52 3 18 40 49 35 13 40 42 52 53 20 47 9 25 32 34 6 21 26 45 17 13 15 55 48 42 
55 55 45 63 45 7 18 14 5 0 55 4 20 45 53 38 18 45 42 56 57 24 52 14 29 36 34 9 21 28 48 21 15 20 58 51 44 
5 22 11 14 11 56 39 41 52 55 0 56 36 41 17 18 49 47 33 18 18 32 26 49 28 23 34 46 40 27 7 35 40 44 3 6 12 
55 53 46 62 45 3 17 15 3 4 56 0 21 42 52 39 15 42 45 55 57 24 50 11 29 35 37 9 24 30 49 21 16 17 59 51 46 
36 40 27 45 26 23 12 6 18 20 36 21 0 39 37 18 22 41 25 40 42 10 39 20 15 21 17 12 8 8 29 10 5 20 39 31 25 
36 22 31 37 31 39 28 38 40 45 41 42 39 0 26 39 27 6 58 27 28 28 17 31 25 22 53 38 47 38 38 28 38 25 42 42 40 
11 5 12 11 13 51 35 40 49 53 17 52 37 26 0 26 41 32 44 3 4 29 9 43 24 17 43 44 44 31 17 31 40 37 17 20 22 
20 31 14 30 13 40 25 23 35 38 18 39 18 39 26 0 36 44 19 29 30 18 31 35 16 17 17 29 21 9 12 21 22 32 22 13 7 
46 41 38 53 37 12 11 18 13 18 49 15 22 27 41 36 0 27 47 44 46 18 37 4 20 25 40 14 29 28 42 15 18 4 52 46 41 
42 28 37 43 37 39 30 39 40 45 47 42 41 6 32 44 27 0 62 33 34 31 23 31 29 27 56 39 50 41 43 30 40 25 48 47 46 
37 49 32 47 31 47 37 30 42 42 33 45 25 58 44 19 47 62 0 47 48 31 50 45 33 35 8 36 21 20 28 34 29 44 36 27 22 
12 5 15 10 16 54 38 43 52 56 18 55 40 27 3 29 44 33 47 0 1 32 10 46 27 20 46 47 47 34 19 34 43 40 18 22 25 
12 6 16 9 17 56 39 45 53 57 18 57 42 28 4 30 46 34 48 1 0 34 11 48 28 21 47 48 49 35 20 36 44 41 17 22 25 
31 31 22 39 21 23 7 11 20 24 32 24 10 28 29 18 18 31 31 32 34 0 29 17 5 12 25 15 18 11 25 3 11 14 35 28 23 
21 5 19 20 20 48 33 40 47 52 26 50 39 17 9 31 37 23 50 10 11 29 0 40 24 18 48 43 47 34 25 31 40 33 26 29 30 
48 44 38 54 38 8 10 15 9 14 49 11 20 31 43 35 4 31 45 46 48 17 40 0 21 27 37 10 26 27 43 14 16 6 52 46 41 
26 26 17 33 17 28 11 16 25 29 28 29 15 25 24 16 20 29 33 27 28 5 24 21 0 6 27 20 23 12 21 7 16 16 31 25 21 
21 19 12 27 12 34 17 23 32 36 23 35 21 22 17 17 25 27 35 20 21 12 18 27 6 0 31 26 29 16 18 14 23 21 26 22 18 
37 47 31 47 30 39 30 22 34 34 34 37 17 53 43 17 40 56 8 46 47 25 48 37 27 31 0 28 13 15 28 27 21 37 37 28 22 
45 46 36 54 36 11 10 6 6 9 46 9 12 38 44 29 14 39 36 47 48 15 43 10 20 26 28 0 16 20 39 12 7 13 49 42 36 
42 48 33 51 32 26 20 11 21 21 40 24 8 47 44 21 29 50 21 47 49 18 47 26 23 29 13 16 0 13 33 19 10 27 44 35 28 
28 35 20 38 19 31 17 14 26 28 27 30 8 38 31 9 28 41 20 34 35 11 34 27 12 16 15 20 13 0 20 13 13 24 31 22 16 
9 23 6 19 6 49 32 34 45 48 7 49 29 38 17 12 42 43 28 19 20 25 25 43 21 18 28 39 33 20 0 28 33 38 10 4 6 
34 33 25 41 24 20 4 10 17 21 35 21 10 28 31 21 15 30 34 34 36 3 31 14 7 14 27 12 19 13 28 0 10 11 38 31 26 
40 42 31 49 30 18 10 1 13 15 40 16 5 38 40 22 18 40 29 43 44 11 40 16 16 23 21 7 10 13 33 10 0 16 43 35 29 
42 37 33 48 33 15 7 16 15 20 44 17 20 25 37 32 4 25 44 40 41 14 33 6 16 21 37 13 27 24 38 11 16 0 47 41 37 
6 22 13 12 14 59 42 44 55 58 3 59 39 42 17 22 52 48 36 18 17 35 26 52 31 26 37 49 44 31 10 38 43 47 0 9 15 
10 26 10 20 10 52 36 36 48 51 6 51 31 42 20 13 46 47 27 22 22 28 29 46 25 22 28 42 35 22 4 31 35 41 9 0 6 
15 28 10 25 10 46 30 30 42 44 12 46 25 40 22 7 41 46 22 25 25 23 30 41 21 18 22 36 28 16 6 26 29 37 15 6 0 
