Name: 
Comment: 1323247588 1323247588 !Job 20 Dienstag nicht, Pflegekraft 4 Qual auf 1, alle Sprachen bei Pflegekraft 3 und 4
Type: s 
Nurses:4
Workers: 4
Clients: 20
Jobs: 20
Dkws: 0
Related: 0
Synchron: 0

nurses qualification: nr, exclude, qual, language (4), usual shift length, extra 
1 0 3 1 1 1 1 360 1
2 0 3 1 0 0 1 480 1
3 0 2 1 1 1 1 480 1
4 0 1 1 1 1 1 480 1

workers: nr, anurse(7) + bnurse(7), abreak, bbreak, pause, ident, start (unbez.home/depot/bez.home (0,1,2))
1 0 800 0 800 0 800 0 800 0 800 0 800 0 800 240 360 30 1 0 -1
2 0 800 0 800 0 800 0 800 0 800 0 800 0 800 240 360 30 2 1 -1
3 0 800 0 800 0 800 0 800 0 800 0 800 0 800 240 360 30 3 2 -1
4 0 800 0 800 0 800 0 800 0 800 0 800 0 800 240 360 30 4 0 -1

jobs: nr, include, exclude, qual, language(4), pref,  duration, a, b, asoft, bsoft, ident, freq, Mo, Di, Mi, Do, Fr, Sa, So, ltl, utl
1 0 0 2 1 0 1 0 0 17 0 120 5 65 1 6 1 1 1 1 1 1 0 1 2
2 0 0 1 1 1 0 1 3 61 600 720 635 695 2 3 0 1 0 1 0 1 0 1 4
3 0 0 2 1 0 1 0 3 71 240 360 260 320 3 4 0 1 0 1 0 1 1 1 3
4 0 0 3 0 0 1 1 0 26 480 600 515 575 4 2 0 0 1 1 0 0 0 2 5
5 0 0 3 1 0 0 1 2 43 120 240 130 190 5 2 0 0 1 1 0 0 0 2 5
6 0 0 2 0 0 1 0 3 62 600 720 630 690 6 2 0 0 0 1 0 0 1 2 5
7 0 0 1 1 1 1 0 4 24 360 480 360 420 7 1 0 0 0 0 0 1 0 6 6
8 0 0 1 0 0 1 1 4 45 480 600 510 570 8 6 1 1 1 1 0 1 1 1 2
9 0 0 3 1 0 1 0 0 49 480 600 520 580 9 5 0 1 1 1 1 1 0 1 2
10 0 0 1 0 0 1 1 3 33 360 480 360 420 10 1 0 0 0 1 0 0 0 6 6
11 0 0 3 0 1 0 1 0 38 0 120 15 75 11 7 1 1 1 1 1 1 1 1 1
12 0 0 2 1 1 1 0 1 30 120 240 175 235 12 5 1 0 1 1 0 1 1 1 2
13 0 0 3 1 0 1 1 1 42 120 240 140 200 13 5 1 0 1 1 0 1 1 1 2
14 0 0 3 1 0 1 0 1 22 240 360 265 325 14 6 1 1 1 0 1 1 1 1 2
15 0 0 3 0 1 0 0 0 23 480 600 535 595 15 4 0 1 0 1 1 0 1 1 3
16 0 0 2 0 0 0 1 2 51 240 360 275 335 16 3 1 0 1 0 0 1 0 1 4
17 0 0 1 0 0 1 0 4 61 0 120 10 70 17 1 0 0 0 0 1 0 0 6 6
18 0 0 2 1 1 0 0 0 48 0 120 50 110 18 6 1 1 0 1 1 1 1 1 2
19 0 0 2 1 1 0 0 0 16 0 120 35 95 19 1 0 0 0 0 0 1 0 6 6
20 0 0 1 0 0 1 1 3 55 480 600 525 585 20 6 1 0 1 1 1 1 1 1 1

dist
0 16 16 22 31 27 8 21 35 34 31 33 3 32 18 11 8 43 37 6 28 25 2 24 15 
16 0 15 22 47 17 24 19 47 26 37 46 18 48 34 27 21 52 49 18 44 41 18 23 25 
16 15 0 34 43 32 19 5 51 41 47 49 15 44 29 24 24 59 53 22 39 33 18 35 31 
22 22 34 0 40 15 28 39 30 17 15 30 25 42 33 27 16 31 33 16 42 42 21 2 12 
31 47 43 40 0 53 24 48 24 58 37 20 30 1 14 20 27 35 23 30 8 15 29 43 28 
27 17 32 15 53 0 35 36 45 9 29 45 30 54 43 36 26 46 48 24 53 51 27 13 25 
8 24 19 28 24 35 0 25 34 43 35 31 6 25 10 5 12 43 35 12 20 16 7 31 19 
21 19 5 39 48 36 25 0 57 45 52 55 20 49 34 29 30 65 59 27 43 37 24 40 37 
35 47 51 30 24 45 34 57 0 46 18 4 36 25 30 29 27 11 3 30 31 36 33 32 22 
34 26 41 17 58 9 43 45 46 0 29 47 38 59 50 43 32 46 49 31 59 58 35 15 29 
31 37 47 15 37 29 35 52 18 29 0 20 34 39 36 32 23 17 21 25 42 45 30 16 16 
33 46 49 30 20 45 31 55 4 47 20 0 34 21 26 26 25 15 4 28 27 32 31 32 21 
3 18 15 25 30 30 6 20 36 38 34 34 0 31 16 10 10 45 38 9 26 22 4 27 18 
32 48 44 42 1 54 25 49 25 59 39 21 31 0 15 21 28 36 24 31 7 15 30 45 30 
18 34 29 33 14 43 10 34 30 50 36 26 16 15 0 7 17 40 30 19 10 8 16 36 22 
11 27 24 27 20 36 5 29 29 43 32 26 10 21 7 0 10 38 30 12 17 15 9 30 16 
8 21 24 16 27 26 12 30 27 32 23 25 10 28 17 10 0 34 29 3 27 26 6 19 7 
43 52 59 31 35 46 43 65 11 46 17 15 45 36 40 38 34 0 12 37 42 47 41 33 28 
37 49 53 33 23 48 35 59 3 49 21 4 38 24 30 30 29 12 0 32 30 36 35 35 25 
6 18 22 16 30 24 12 27 30 31 25 28 9 31 19 12 3 37 32 0 29 27 5 18 9 
28 44 39 42 8 53 20 43 31 59 42 27 26 7 10 17 27 42 30 29 0 7 26 45 30 
25 41 33 42 15 51 16 37 36 58 45 32 22 15 8 15 26 47 36 27 7 0 24 45 31 
2 18 18 21 29 27 7 24 33 35 30 31 4 30 16 9 6 41 35 5 26 24 0 23 13 
24 23 35 2 43 13 31 40 32 15 16 32 27 45 36 30 19 33 35 18 45 45 23 0 14 
15 25 31 12 28 25 19 37 22 29 16 21 18 30 22 16 7 28 25 9 30 31 13 14 0 

related jobs: nr pred nr succ time 
2 21 0 0 1 0 1 0 1 0 

synchron jobs:
1 22 0 1 0 0 0 0 0 0
