Name: Job 21 Sprache 4, Job 35 Pf. 4 erlaubt
Comment: 1354094013 1354094013
Type: s 
Nurses:9
Workers: 9
Clients: 45
Jobs: 45
Dkws: 0 
Related: 0 
Synchron: 0 

nurses qualification: nr, exclude, qual, language (4), usual shift length, extra 
1 6 3 1 1 1 1 420 1
2 3 3 1 0 1 1 240 1
3 9 3 1 0 0 1 240 1
4 28 2 0 0 1 1 360 1
5 28 2 1 0 1 1 360 1
6 33 2 0 0 0 1 360 1
7 45 1 1 1 0 1 240 1
8 11 1 0 1 0 1 480 1
9 20 1 0 0 1 0 480 1

workers: nr, anurse(7) + bnurse(7), abreak, bbreak, pause, ident, start (unbez.home/depot/bez.home (0,1,2))
1 10 430 160 580 15 435 180 600 10 430 220 640 100 520 240 360 30 1 2 -1
2 210 450 355 595 10 250 285 525 50 290 5 245 25 265 240 360 30 2 2 -1
3 350 590 170 410 15 255 410 650 415 655 405 645 475 715 240 360 30 3 1 -1
4 335 695 0 360 145 505 275 635 25 385 115 475 195 555 240 360 30 4 0 -1
5 210 570 70 430 335 695 355 715 255 615 200 560 130 490 240 360 30 5 0 -1
6 195 555 100 460 15 375 295 655 355 715 205 565 120 480 240 360 30 6 1 -1
7 110 350 220 460 335 575 310 550 460 700 235 475 140 380 240 360 30 7 2 -1
8 140 620 235 715 200 680 135 615 190 670 170 650 55 535 240 360 30 8 2 -1
9 155 635 110 590 115 595 235 715 150 630 80 560 75 555 240 360 30 9 0 -1

jobs: nr, include, exclude, qual, language(4), pref,  duration, a, b, asoft, bsoft, ident, freq, Mo, Di, Mi, Do, Fr, Sa, So, ltl, utl
1 0 6 1 0 0 0 1 4 47 360 480 420 480 1 3 1 0 0 1 0 0 1 1 4
2 0 5 1 0 1 0 1 4 49 360 480 410 470 2 7 1 1 1 1 1 1 1 1 1
3 0 4 2 0 1 0 1 2 22 240 360 275 335 3 4 1 0 0 1 1 1 0 1 3
4 0 3 1 0 0 0 1 0 34 0 120 5 65 4 2 0 0 1 0 1 0 0 2 5
5 0 0 2 0 1 1 1 4 47 240 360 285 345 5 3 1 0 0 0 0 1 1 1 4
6 0 4 1 1 0 0 1 5 35 120 240 170 230 6 4 0 0 0 1 1 1 1 1 3
7 0 4 2 0 0 1 0 1 22 0 120 30 90 7 6 1 1 1 1 0 1 1 1 2
8 0 1 3 0 0 1 0 0 43 120 240 145 205 8 2 0 0 0 0 0 1 1 2 5
9 0 1 2 0 0 0 1 3 13 600 720 615 675 9 7 1 1 1 1 1 1 1 1 1
10 0 4 1 1 0 1 0 5 55 480 600 520 580 10 6 1 1 1 1 1 1 0 1 2
11 0 0 3 1 1 0 1 3 22 480 600 505 565 11 6 0 1 1 1 1 1 1 1 2
12 0 6 1 0 1 0 0 7 41 360 480 415 475 12 3 0 1 1 0 0 1 0 1 4
13 0 0 2 1 0 1 0 3 23 240 360 240 300 13 4 1 0 0 1 0 1 1 1 3
14 0 6 1 0 1 1 1 5 62 360 480 415 475 14 2 0 0 0 1 1 0 0 2 5
15 0 0 3 1 0 1 1 0 5 360 480 365 425 15 6 1 1 1 1 0 1 1 1 2
16 0 5 1 0 1 0 1 4 33 480 600 480 540 16 1 0 0 0 0 0 0 1 6 6
17 0 0 2 0 0 1 0 4 55 600 720 625 685 17 3 0 0 1 0 1 0 1 1 4
18 0 6 1 0 1 0 0 0 69 600 720 605 665 18 3 0 1 0 0 1 0 1 1 4
19 0 2 2 1 0 1 1 5 55 360 480 360 420 19 4 1 1 0 1 0 1 0 1 3
20 0 4 1 0 1 1 1 6 26 600 720 605 665 20 6 1 0 1 1 1 1 1 1 2
21 0 2 2 1 0 0 1 1 23 480 600 500 560 21 6 1 1 1 1 0 1 1 1 2
22 0 3 1 0 0 1 1 5 77 120 240 150 210 22 4 1 0 0 1 1 0 1 1 3
23 0 4 2 0 1 1 1 1 43 240 360 260 320 23 5 1 1 1 0 0 1 1 1 2
24 0 0 3 0 0 1 1 2 26 120 240 125 185 24 1 0 0 0 0 0 1 0 6 6
25 0 3 1 0 0 0 1 6 60 480 600 495 555 25 3 1 0 0 1 0 0 1 1 4
26 0 5 1 1 0 0 1 8 34 120 240 170 230 26 1 0 0 1 0 0 0 0 6 6
27 0 1 2 0 1 1 0 0 36 120 240 145 205 27 4 0 1 1 1 0 1 0 1 3
28 0 6 1 0 0 0 1 0 31 480 600 520 580 28 4 1 1 0 0 1 0 1 1 3
29 0 6 1 1 0 0 0 0 49 360 480 390 450 29 3 1 0 0 0 0 1 1 1 4
30 0 0 3 0 1 0 1 1 35 120 240 125 185 30 4 1 0 1 1 0 0 1 1 3
31 0 0 3 0 1 1 1 1 28 240 360 270 330 31 2 0 0 1 0 0 0 1 2 5
32 0 3 2 0 1 1 1 5 35 480 600 530 590 32 4 1 1 0 1 0 0 1 1 3
33 0 1 3 0 1 1 1 2 14 360 480 405 465 33 4 0 0 1 1 1 0 1 1 3
34 0 2 3 0 1 1 1 0 48 0 120 10 70 34 5 1 0 1 0 1 1 1 1 2
35 0 0 2 1 0 1 0 3 46 0 120 10 70 35 6 1 0 1 1 1 1 1 1 2
36 0 0 3 0 0 1 0 0 35 0 120 50 110 36 2 0 0 1 0 1 0 0 2 5
37 0 1 2 0 0 1 0 0 46 480 600 515 575 37 1 0 0 0 1 0 0 0 6 6
38 0 0 2 1 1 1 1 2 29 0 120 15 75 38 2 0 0 0 0 1 0 1 2 5
39 0 0 3 0 1 1 0 2 8 240 360 260 320 39 2 0 0 0 1 1 0 0 2 5
40 0 3 2 0 1 0 1 1 52 480 600 525 585 40 2 0 1 1 0 0 0 0 2 5
41 0 0 3 0 1 1 1 2 28 480 600 500 560 41 1 0 0 0 0 0 1 0 6 6
42 0 1 3 0 0 1 1 2 7 480 600 485 545 42 7 1 1 1 1 1 1 1 1 1
43 0 1 3 1 1 0 1 0 38 360 480 365 425 43 4 0 1 0 1 0 1 1 1 3
44 0 0 3 0 0 1 0 1 27 240 360 260 320 44 1 0 0 1 0 0 0 0 6 6
45 0 0 3 0 0 0 1 1 5 480 600 525 585 45 1 0 1 0 0 0 0 0 6 6

dist
0 13 43 49 9 22 43 17 33 7 18 21 18 60 15 26 38 1 18 25 47 42 52 7 2 44 29 15 57 29 42 42 50 13 14 47 26 31 15 15 17 12 40 32 22 48 23 3 41 27 20 17 44 40 50 
13 0 39 45 16 35 48 19 38 19 25 32 17 67 27 38 39 14 27 36 44 52 60 20 14 51 41 28 63 25 52 39 45 1 14 52 38 39 28 3 11 2 35 43 23 56 31 10 47 38 33 26 41 50 49 
43 39 0 6 35 50 31 27 29 40 31 42 25 47 43 48 16 43 37 44 6 51 46 45 41 37 51 47 43 14 51 3 6 40 29 34 48 37 46 36 28 41 5 46 22 48 32 41 34 44 51 37 7 49 14 
49 45 6 0 40 54 31 32 32 45 35 46 30 46 47 51 18 49 41 48 3 52 45 50 47 37 55 52 42 20 52 6 4 46 34 33 51 39 50 42 34 47 10 49 27 48 36 47 35 48 55 41 7 51 11 
9 16 35 40 0 20 34 8 24 5 10 16 10 52 12 23 29 9 11 20 39 36 44 10 7 36 26 14 49 21 36 34 42 16 7 38 23 23 13 16 13 16 33 26 13 41 15 9 32 22 19 10 35 34 41 
22 35 50 54 20 0 35 24 25 16 19 8 29 47 8 6 38 21 12 8 51 22 37 15 21 32 7 7 45 39 22 48 56 35 26 37 6 19 7 36 34 34 49 13 28 31 18 25 30 10 3 13 47 21 50 
43 48 31 31 34 35 0 29 10 36 25 28 31 18 32 29 15 43 26 27 28 23 15 41 41 6 32 37 15 31 23 28 35 49 33 3 29 16 35 47 39 49 34 24 26 17 20 44 5 25 38 27 24 22 21 
17 19 27 32 8 24 29 0 19 13 7 18 5 47 16 25 21 17 12 21 31 35 40 18 15 31 28 20 43 14 35 26 34 20 5 32 25 20 19 18 12 20 25 27 5 38 12 16 27 23 24 11 27 33 33 
33 38 29 32 24 25 10 19 0 26 14 18 22 28 22 21 14 32 16 18 29 21 21 30 30 12 24 27 24 25 21 27 35 39 24 13 21 7 25 37 30 39 31 17 17 20 9 33 8 17 28 16 25 19 25 
7 19 40 45 5 16 36 13 26 0 12 13 16 53 8 19 33 7 10 17 43 34 44 5 5 36 22 9 50 27 34 39 47 19 12 39 19 23 9 20 19 18 38 24 18 40 16 9 33 20 14 10 40 32 45 
18 25 31 35 10 19 25 7 14 12 0 11 12 42 11 18 21 18 6 14 33 28 34 17 16 26 21 16 39 20 28 29 38 25 11 28 18 14 14 24 19 25 30 20 9 31 5 19 22 16 20 5 29 26 33 
21 32 42 46 16 8 28 18 18 13 11 0 23 42 5 7 29 20 5 4 43 21 32 15 19 26 10 9 39 31 21 40 48 32 21 30 7 12 7 32 29 31 41 11 21 27 10 23 23 6 10 6 39 19 42 
18 17 25 30 10 29 31 5 22 16 12 23 0 50 21 30 21 18 17 26 29 40 44 21 16 34 33 24 46 11 40 24 31 18 4 35 30 25 23 15 8 18 22 32 5 42 17 17 31 28 29 16 26 38 32 
60 67 47 46 52 47 18 47 28 53 42 42 50 0 47 40 32 60 42 39 43 27 10 56 58 16 41 51 4 49 27 44 50 67 52 15 40 30 49 65 58 67 51 33 45 17 37 61 19 37 50 43 40 27 35 
15 27 43 47 12 8 32 16 22 8 11 5 21 47 0 11 32 14 6 9 45 26 38 9 13 31 14 5 44 31 26 41 49 27 18 35 11 17 3 28 25 26 41 16 20 33 13 18 28 12 8 6 41 25 44 
26 38 48 51 23 6 29 25 21 19 18 7 30 40 11 0 34 26 12 3 48 16 30 20 25 26 3 12 38 38 16 45 54 38 28 31 0 13 11 39 36 38 48 6 27 24 15 29 24 4 10 13 44 15 46 
38 39 16 18 29 38 15 21 14 33 21 29 21 32 32 34 0 38 26 31 15 34 30 38 36 21 37 37 28 17 34 13 21 40 25 18 34 21 35 37 28 40 19 31 16 31 19 37 18 30 39 25 10 33 12 
1 14 43 49 9 21 43 17 32 7 18 20 18 60 14 26 38 0 17 24 47 41 51 6 2 43 28 14 57 29 41 42 50 14 14 46 26 30 14 16 18 13 40 31 22 47 23 4 40 26 19 17 44 39 50 
18 27 37 41 11 12 26 12 16 10 6 5 17 42 6 12 26 17 0 9 39 24 34 14 16 26 15 11 39 26 24 35 44 28 16 29 12 12 9 27 24 27 36 15 15 29 7 20 23 11 13 1 35 22 38 
25 36 44 48 20 8 27 21 18 17 14 4 26 39 9 3 31 24 9 0 45 17 29 19 23 24 7 12 37 34 17 42 50 36 25 29 3 11 10 36 33 35 44 7 24 24 12 27 22 2 11 10 41 15 43 
47 44 6 3 39 51 28 31 29 43 33 43 29 43 45 48 15 47 39 45 0 49 42 49 45 34 52 50 39 19 49 5 7 45 33 30 48 36 48 41 33 46 11 46 25 45 33 46 32 45 53 38 4 48 8 
42 52 51 52 36 22 23 35 21 34 28 21 40 27 26 16 34 41 24 17 49 0 17 36 40 17 16 29 26 45 0 48 56 52 39 23 16 15 27 52 47 52 52 10 36 10 23 44 17 14 26 25 45 2 44 
52 60 46 45 44 37 15 40 21 44 34 32 44 10 38 30 30 51 34 29 42 17 0 48 50 9 31 42 9 45 17 43 49 60 45 12 30 21 40 59 52 60 49 24 38 7 29 53 13 27 40 34 39 17 35 
7 20 45 50 10 15 41 18 30 5 17 15 21 56 9 20 38 6 14 19 49 36 48 0 6 40 22 8 54 32 36 44 52 20 17 44 20 26 8 21 22 19 43 26 23 43 20 10 37 22 13 13 45 34 50 
2 14 41 47 7 21 41 15 30 5 16 19 16 58 13 25 36 2 16 23 45 40 50 6 0 42 27 14 55 27 40 41 48 14 12 44 25 29 14 15 16 13 39 30 20 46 21 4 38 25 19 15 42 38 48 
44 51 37 37 36 32 6 31 12 36 26 26 34 16 31 26 21 43 26 24 34 17 9 40 42 0 28 35 13 35 17 34 41 51 36 5 26 13 33 50 43 51 40 20 29 10 20 45 3 22 35 26 31 16 28 
29 41 51 55 26 7 32 28 24 22 21 10 33 41 14 3 37 28 15 7 52 16 31 22 27 28 0 14 40 42 16 49 58 41 31 33 3 16 13 42 39 40 51 8 31 25 19 31 26 7 10 16 48 15 49 
15 28 47 52 14 7 37 20 27 9 16 9 24 51 5 12 37 14 11 12 50 29 42 8 14 35 14 0 49 35 29 46 54 28 21 39 12 21 2 29 28 27 46 19 25 36 18 18 32 15 5 11 46 27 50 
57 63 43 42 49 45 15 43 24 50 39 39 46 4 44 38 28 57 39 37 39 26 9 54 55 13 40 49 0 45 26 40 46 64 48 11 38 27 47 62 54 64 47 32 41 16 33 58 16 34 48 40 36 26 31 
29 25 14 20 21 39 31 14 25 27 20 31 11 49 31 38 17 29 26 34 19 45 45 32 27 35 42 35 45 0 45 14 20 26 15 34 38 30 33 22 14 27 11 38 10 45 23 27 32 35 39 25 16 43 24 
42 52 51 52 36 22 23 35 21 34 28 21 40 27 26 16 34 41 24 17 49 0 17 36 40 17 16 29 26 45 0 48 56 52 39 23 16 15 27 52 47 52 52 10 36 10 23 44 17 14 26 25 45 2 44 
42 39 3 6 34 48 28 26 27 39 29 40 24 44 41 45 13 42 35 42 5 48 43 44 41 34 49 46 40 14 48 0 8 40 28 31 45 34 44 36 28 41 7 44 21 45 30 41 32 42 49 35 4 46 12 
50 45 6 4 42 56 35 34 35 47 38 48 31 50 49 54 21 50 44 50 7 56 49 52 48 41 58 54 46 20 56 8 0 46 35 37 54 43 52 42 34 47 10 52 29 52 38 48 39 50 58 43 10 54 15 
13 1 40 46 16 35 49 20 39 19 25 32 18 67 27 38 40 14 28 36 45 52 60 20 14 51 41 28 64 26 52 40 46 0 15 53 38 39 28 4 12 1 36 43 23 57 31 10 48 38 33 27 42 51 50 
14 14 29 34 7 26 33 5 24 12 11 21 4 52 18 28 25 14 16 25 33 39 45 17 12 36 31 21 48 15 39 28 35 15 0 37 28 25 20 13 8 15 26 31 8 42 17 13 32 27 26 15 30 37 36 
47 52 34 33 38 37 3 32 13 39 28 30 35 15 35 31 18 46 29 29 30 23 12 44 44 5 33 39 11 34 23 31 37 53 37 0 31 18 37 50 43 53 37 25 29 15 23 47 7 27 40 30 27 21 23 
26 38 48 51 23 6 29 25 21 19 18 7 30 40 11 0 34 26 12 3 48 16 30 20 25 26 3 12 38 38 16 45 54 38 28 31 0 13 11 39 36 38 48 6 27 24 15 29 24 4 10 13 44 15 46 
31 39 37 39 23 19 16 20 7 23 14 12 25 30 17 13 21 30 12 11 36 15 21 26 29 13 16 21 27 30 15 34 43 39 25 18 13 0 19 38 33 39 38 9 21 17 8 32 11 9 22 13 32 13 33 
15 28 46 50 13 7 35 19 25 9 14 7 23 49 3 11 35 14 9 10 48 27 40 8 14 33 13 2 47 33 27 44 52 28 20 37 11 19 0 29 27 27 44 17 23 35 16 18 31 13 5 9 44 26 48 
15 3 36 42 16 36 47 18 37 20 24 32 15 65 28 39 37 16 27 36 41 52 59 21 15 50 42 29 62 22 52 36 42 4 13 50 39 38 29 0 8 5 32 43 21 56 30 12 46 38 34 26 39 50 46 
17 11 28 34 13 34 39 12 30 19 19 29 8 58 25 36 28 18 24 33 33 47 52 22 16 43 39 28 54 14 47 28 34 12 8 43 36 33 27 8 0 13 24 39 13 50 24 15 39 35 33 23 30 45 37 
12 2 41 47 16 34 49 20 39 18 25 31 18 67 26 38 40 13 27 35 46 52 60 19 13 51 40 27 64 27 52 41 47 1 15 53 38 39 27 5 13 0 37 42 24 57 31 9 48 38 32 26 43 50 50 
40 35 5 10 33 49 34 25 31 38 30 41 22 51 41 48 19 40 36 44 11 52 49 43 39 40 51 46 47 11 52 7 10 36 26 37 48 38 44 32 24 37 0 47 21 50 32 38 37 44 50 36 11 50 19 
32 43 46 49 26 13 24 27 17 24 20 11 32 33 16 6 31 31 15 7 46 10 24 26 30 20 8 19 32 38 10 44 52 43 31 25 6 9 17 43 39 42 47 0 28 17 15 34 18 4 17 16 42 8 43 
22 23 22 27 13 28 26 5 17 18 9 21 5 45 20 27 16 22 15 24 25 36 38 23 20 29 31 25 41 10 36 21 29 23 8 29 27 21 23 21 13 24 21 28 0 37 13 21 25 25 29 15 22 34 28 
48 56 48 48 41 31 17 38 20 40 31 27 42 17 33 24 31 47 29 24 45 10 7 43 46 10 25 36 16 45 10 45 52 57 42 15 24 17 35 56 50 57 50 17 37 0 25 49 13 21 34 30 41 10 39 
23 31 32 36 15 18 20 12 9 16 5 10 17 37 13 15 19 23 7 12 33 23 29 20 21 20 19 18 33 23 23 30 38 31 17 23 15 8 16 30 24 31 32 15 13 25 0 24 17 12 20 7 29 21 32 
3 10 41 47 9 25 44 16 33 9 19 23 17 61 18 29 37 4 20 27 46 44 53 10 4 45 31 18 58 27 44 41 48 10 13 47 29 32 18 12 15 9 38 34 21 49 24 0 42 29 23 19 43 42 49 
41 47 34 35 32 30 5 27 8 33 22 23 31 19 28 24 18 40 23 22 32 17 13 37 38 3 26 32 16 32 17 32 39 48 32 7 24 11 31 46 39 48 37 18 25 13 17 42 0 20 33 23 28 16 27 
27 38 44 48 22 10 25 23 17 20 16 6 28 37 12 4 30 26 11 2 45 14 27 22 25 22 7 15 34 35 14 42 50 38 27 27 4 9 13 38 35 38 44 4 25 21 12 29 20 0 13 12 41 12 42 
20 33 51 55 19 3 38 24 28 14 20 10 29 50 8 10 39 19 13 11 53 26 40 13 19 35 10 5 48 39 26 49 58 33 26 40 10 22 5 34 33 32 50 17 29 34 20 23 33 13 0 14 49 25 52 
17 26 37 41 10 13 27 11 16 10 5 6 16 43 6 13 25 17 1 10 38 25 34 13 15 26 16 11 40 25 25 35 43 27 15 30 13 13 9 26 23 26 36 16 15 30 7 19 23 12 14 0 34 23 38 
44 41 7 7 35 47 24 27 25 40 29 39 26 40 41 44 10 44 35 41 4 45 39 45 42 31 48 46 36 16 45 4 10 42 30 27 44 32 44 39 30 43 11 42 22 41 29 43 28 41 49 34 0 43 7 
40 50 49 51 34 21 22 33 19 32 26 19 38 27 25 15 33 39 22 15 48 2 17 34 38 16 15 27 26 43 2 46 54 51 37 21 15 13 26 50 45 50 50 8 34 10 21 42 16 12 25 23 43 0 43 
50 49 14 11 41 50 21 33 25 45 33 42 32 35 44 46 12 50 38 43 8 44 35 50 48 28 49 50 31 24 44 12 15 50 36 23 46 33 48 46 37 50 19 43 28 39 32 49 27 42 52 38 7 43 0 
