Name: Pfl. 2 schließt 42 nicht aus, Job 26 schließt 1 nicht aus, 
Comment: 1354093736 1354093736
Type: s 
Nurses:9
Workers: 9
Clients: 45
Jobs: 45
Dkws: 0 
Related: 0 
Synchron: 0 

nurses qualification: nr, exclude, qual, language (4), usual shift length, extra 
1 12 3 0 1 1 1 420 1
2 0 3 1 1 0 1 480 1
3 25 3 1 0 1 0 360 1
4 16 2 1 1 0 0 180 1
5 0 2 1 0 0 0 180 1
6 45 2 1 1 1 1 180 1
7 12 1 0 1 1 1 480 1
8 43 1 0 0 1 0 240 1
9 25 1 1 1 0 1 480 1

workers: nr, anurse(7) + bnurse(7), abreak, bbreak, pause, ident, start (unbez.home/depot/bez.home (0,1,2))
1 25 445 55 475 295 715 60 480 120 540 145 565 245 665 240 360 30 1 2 -1
2 185 665 210 690 110 590 50 530 65 545 30 510 25 505 240 360 30 2 0 -1
3 230 590 190 550 320 680 265 625 285 645 335 695 245 605 240 360 30 3 0 -1
4 195 375 495 675 70 250 90 270 325 505 260 440 195 375 240 360 30 4 1 -1
5 380 560 465 645 415 595 525 705 420 600 60 240 215 395 240 360 30 5 1 -1
6 295 475 420 600 40 220 325 505 15 195 195 375 35 215 240 360 30 6 2 -1
7 50 530 5 485 45 525 20 500 10 490 15 495 85 565 240 360 30 7 2 -1
8 365 605 370 610 180 420 95 335 405 645 35 275 410 650 240 360 30 8 1 -1
9 125 605 140 620 95 575 60 540 90 570 150 630 145 625 240 360 30 9 1 -1

jobs: nr, include, exclude, qual, language(4), pref,  duration, a, b, asoft, bsoft, ident, freq, Mo, Di, Mi, Do, Fr, Sa, So, ltl, utl
1 0 0 3 1 0 0 1 0 36 480 600 525 585 1 4 0 0 1 0 1 1 1 1 3
2 0 0 2 1 1 0 1 2 29 600 720 655 715 2 2 0 0 1 0 1 0 0 2 5
3 0 2 2 1 0 1 0 6 13 240 360 245 305 3 7 1 1 1 1 1 1 1 1 1
4 0 5 1 1 1 0 1 6 53 120 240 125 185 4 1 0 0 0 0 0 0 1 6 6
5 0 2 2 1 0 0 1 4 9 120 240 120 180 5 4 1 0 1 0 0 1 1 1 3
6 0 5 2 1 1 0 0 6 54 600 720 605 665 6 3 0 0 0 0 1 1 1 1 4
7 0 3 1 0 1 0 0 4 45 0 120 50 110 7 4 1 0 0 1 1 0 1 1 3
8 0 0 2 1 1 1 0 2 41 0 120 20 80 8 4 0 1 0 0 1 1 1 1 3
9 0 3 2 1 1 1 0 2 44 0 120 40 100 9 7 1 1 1 1 1 1 1 1 1
10 0 5 2 0 1 0 1 4 24 360 480 410 470 10 2 0 0 0 1 0 1 0 2 5
11 0 5 2 0 1 1 0 1 46 480 600 505 565 11 6 1 0 1 1 1 1 1 1 2
12 0 4 1 1 0 0 1 5 48 120 240 130 190 12 4 1 1 1 0 1 0 0 1 3
13 0 2 3 1 0 0 1 1 45 240 360 240 300 13 6 1 0 1 1 1 1 1 1 2
14 0 5 1 1 1 0 1 4 57 360 480 385 445 14 2 0 0 1 0 0 1 0 2 5
15 0 7 1 0 1 1 0 9 56 480 600 520 580 15 4 1 0 0 1 1 0 1 1 3
16 0 1 2 0 1 0 0 0 42 0 120 20 80 16 5 0 1 1 1 1 1 0 1 2
17 0 3 1 1 1 1 1 6 49 480 600 535 595 17 7 1 1 1 1 1 1 1 1 1
18 0 0 3 0 1 0 0 0 13 0 120 55 115 18 1 0 0 1 0 0 0 0 6 6
19 0 2 3 1 1 0 0 0 32 360 480 405 465 19 4 1 1 1 1 0 0 0 1 3
20 0 5 2 0 0 1 0 6 66 360 480 405 465 20 3 0 1 0 1 1 0 0 1 4
21 0 6 1 0 1 0 1 0 29 360 480 400 460 21 7 1 1 1 1 1 1 1 1 1
22 0 0 3 0 1 0 0 2 34 480 600 530 590 22 4 0 1 1 1 0 0 1 1 3
23 0 1 2 1 0 0 1 4 59 120 240 130 190 23 6 1 1 1 1 1 0 1 1 2
24 0 8 1 1 1 1 1 4 72 240 360 260 320 24 5 1 0 1 1 1 1 0 1 2
25 0 6 1 1 1 0 1 5 48 480 600 490 550 25 3 1 1 0 0 1 0 0 1 4
26 0 0 3 0 1 1 0 0 17 360 480 385 445 26 7 1 1 1 1 1 1 1 1 1
27 0 2 2 1 1 1 0 1 54 600 720 650 710 27 1 0 1 0 0 0 0 0 6 6
28 0 5 1 0 1 0 1 9 35 600 720 645 705 28 7 1 1 1 1 1 1 1 1 1
29 0 3 2 1 1 0 0 4 43 600 720 635 695 29 2 0 1 0 0 0 1 0 2 5
30 0 0 2 1 0 0 1 5 10 600 720 625 685 30 7 1 1 1 1 1 1 1 1 1
31 0 2 3 1 1 0 1 3 6 240 360 275 335 31 5 1 0 1 0 1 1 1 1 2
32 0 8 1 1 1 0 1 7 50 360 480 380 440 32 4 0 0 1 1 1 1 0 1 3
33 0 6 1 1 1 0 1 7 42 120 240 125 185 33 1 1 0 0 0 0 0 0 6 6
34 0 8 1 0 0 0 1 7 60 360 480 420 480 34 6 1 0 1 1 1 1 1 1 2
35 0 1 3 1 1 1 1 2 45 600 720 625 685 35 5 1 1 1 0 0 1 1 1 2
36 0 1 3 1 0 1 1 0 23 120 240 140 200 36 5 0 1 1 0 1 1 1 1 2
37 0 0 3 0 0 1 0 1 14 120 240 175 235 37 3 1 0 1 0 1 0 0 1 4
38 0 3 1 0 1 1 0 8 51 360 480 400 460 38 5 0 0 1 1 1 1 1 1 2
39 0 0 3 0 1 1 1 0 33 480 600 535 595 39 7 1 1 1 1 1 1 1 1 1
40 0 8 1 0 0 0 1 7 53 240 360 275 335 40 5 1 1 1 0 1 1 0 1 2
41 0 3 2 0 1 1 1 1 34 240 360 290 350 41 7 1 1 1 1 1 1 1 1 1
42 0 0 3 0 1 0 1 1 5 120 240 175 235 42 7 1 1 1 1 1 1 1 1 1
43 0 0 3 0 0 0 1 2 12 360 480 380 440 43 4 0 0 1 1 1 1 0 1 3
44 0 0 3 0 1 1 0 1 47 240 360 295 355 44 3 1 0 0 1 0 1 0 1 4
45 0 0 3 1 0 1 1 1 8 480 600 510 570 45 7 1 1 1 1 1 1 1 1 1

dist
0 23 43 34 44 22 29 30 28 29 46 22 18 33 25 9 36 7 31 17 41 12 34 34 12 2 9 40 13 31 16 41 24 41 36 30 11 30 15 8 29 48 24 42 23 46 31 40 27 16 13 37 29 36 32 
23 0 26 24 46 22 41 48 16 49 48 27 36 13 2 19 18 17 49 20 22 11 19 17 17 20 21 41 22 11 7 21 20 38 38 29 32 35 9 21 7 43 26 22 24 39 17 27 35 27 12 32 8 38 46 
43 26 0 11 33 24 42 55 15 57 35 29 46 13 25 43 9 40 55 28 7 32 9 9 42 41 45 30 33 15 29 10 20 24 29 22 45 31 28 45 20 24 26 8 25 19 12 6 34 34 30 17 18 29 48 
34 24 11 0 25 13 31 43 7 45 27 17 35 15 23 36 13 33 44 18 15 25 7 11 36 32 38 21 23 15 23 18 10 16 18 11 35 20 21 38 19 19 14 16 13 15 6 6 23 24 22 9 17 18 36 
44 46 33 25 0 25 21 35 30 38 2 22 34 40 45 51 38 47 35 29 39 42 32 36 52 44 52 4 31 40 42 42 25 9 8 17 38 14 39 51 43 12 21 40 23 16 31 26 18 28 38 16 41 8 25 
22 22 24 13 25 0 21 31 10 33 27 5 22 21 22 27 21 23 32 5 26 17 16 19 27 21 28 20 10 20 17 27 3 19 16 8 22 13 14 28 21 26 4 26 2 23 13 19 13 10 13 15 19 16 26 
29 41 42 31 21 21 0 14 31 17 22 15 14 42 41 37 42 35 14 21 46 33 36 39 40 30 38 19 20 41 35 48 24 24 16 19 20 11 32 37 42 31 17 47 19 32 33 36 7 15 30 26 40 16 5 
30 48 55 43 35 31 14 0 42 3 36 26 12 52 49 39 53 37 1 30 58 38 48 50 42 32 39 33 26 51 41 59 35 39 30 33 19 25 38 38 51 45 29 58 30 46 45 49 21 22 36 40 50 30 10 
28 16 15 7 30 10 31 42 0 43 32 16 32 10 15 29 11 25 43 13 15 18 6 8 28 26 31 26 18 10 16 16 7 22 23 14 31 21 13 31 13 26 13 16 12 22 3 12 23 20 15 15 11 23 36 
29 49 57 45 38 33 17 3 43 0 39 28 12 53 50 38 55 36 3 31 59 38 49 52 41 31 38 36 27 52 41 60 37 41 33 35 18 28 39 37 52 48 31 60 32 49 46 51 23 23 36 42 51 33 13 
46 48 35 27 2 27 22 36 32 39 0 24 35 42 47 53 40 49 36 31 41 44 34 38 54 46 54 6 33 42 44 44 27 11 10 19 40 16 41 53 45 13 23 42 25 17 33 28 20 30 40 18 43 10 26 
22 27 29 17 22 5 15 26 16 28 24 0 17 26 27 28 27 25 26 7 31 20 21 24 29 21 29 18 9 25 21 33 9 19 14 9 19 8 18 29 27 26 3 32 4 25 19 23 8 7 16 17 25 14 20 
18 36 46 35 34 22 14 12 32 12 35 17 0 41 37 27 43 25 13 19 48 26 38 40 30 20 27 31 14 40 29 49 25 35 27 26 7 21 26 26 39 42 20 48 21 42 35 41 16 11 24 34 38 27 14 
33 13 13 15 40 21 42 52 10 53 42 26 41 0 11 32 4 29 53 22 9 21 8 4 30 31 34 36 27 2 18 8 17 31 33 24 39 32 17 34 6 33 24 9 22 29 9 16 34 30 20 24 5 33 47 
25 2 25 23 45 22 41 49 15 50 47 27 37 11 0 21 16 19 50 20 20 12 17 15 19 22 23 41 23 9 9 19 20 38 37 28 33 35 10 23 5 42 26 20 24 38 16 26 35 27 13 31 6 37 46 
9 19 43 36 51 27 37 39 29 38 53 28 27 32 21 0 36 3 40 21 41 11 34 34 3 7 2 46 19 30 14 40 28 46 42 35 20 37 15 2 26 53 29 41 28 50 32 42 34 23 14 41 27 42 40 
36 18 9 13 38 21 42 53 11 55 40 27 43 4 16 36 0 33 54 24 5 25 6 2 34 34 38 34 29 6 22 5 18 29 32 23 41 32 21 38 11 30 25 5 23 25 8 12 34 32 23 22 9 32 48 
7 17 40 33 47 23 35 37 25 36 49 25 25 29 19 3 33 0 38 18 38 8 31 31 5 5 5 43 16 27 11 37 24 43 39 31 18 33 12 5 23 49 26 38 24 46 28 38 31 20 10 38 24 39 38 
31 49 55 44 35 32 14 1 43 3 36 26 13 53 50 40 54 38 0 30 58 39 48 51 43 33 40 33 27 52 42 60 36 39 31 33 20 26 39 39 52 45 29 59 31 47 45 49 21 23 37 40 51 31 10 
17 20 28 18 29 5 21 30 13 31 31 7 19 22 20 21 24 18 30 0 29 13 19 21 22 16 23 25 5 21 14 30 8 25 20 13 17 16 11 22 21 31 7 29 6 29 16 24 15 7 9 20 20 20 26 
41 22 7 15 39 26 46 58 15 59 41 31 48 9 20 41 5 38 58 29 0 30 9 7 39 39 43 36 34 11 27 3 22 30 34 26 46 35 26 43 15 31 29 1 27 26 12 13 38 36 28 23 14 34 51 
12 11 32 25 42 17 33 38 18 38 44 20 26 21 12 11 25 8 39 13 30 0 23 23 10 9 13 37 13 19 3 29 17 36 33 25 20 29 4 13 16 42 20 30 18 39 20 30 27 18 3 31 16 33 37 
34 19 9 7 32 16 36 48 6 49 34 21 38 8 17 34 6 31 48 19 9 23 0 4 33 32 36 28 24 8 20 11 12 23 25 17 37 25 19 36 13 25 19 10 17 21 3 8 28 26 21 16 11 25 42 
34 17 9 11 36 19 39 50 8 52 38 24 40 4 15 34 2 31 51 21 7 23 4 0 32 32 36 32 26 5 20 8 15 27 29 21 38 29 19 36 10 29 22 8 20 24 5 11 31 29 21 20 8 29 45 
12 17 42 36 52 27 40 42 28 41 54 29 30 30 19 3 34 5 43 22 39 10 33 32 0 10 5 47 21 28 12 38 28 47 43 36 23 38 14 5 24 53 30 39 29 50 31 41 36 25 14 42 25 43 43 
2 20 41 32 44 21 30 32 26 31 46 21 20 31 22 7 34 5 33 16 39 9 32 32 10 0 8 40 12 29 13 39 23 41 36 29 13 30 13 7 26 47 23 39 22 45 29 38 27 16 11 36 26 36 33 
9 21 45 38 52 28 38 39 31 38 54 29 27 34 23 2 38 5 40 23 43 13 36 36 5 8 0 48 20 32 16 42 30 48 43 37 20 38 17 1 28 54 31 43 29 51 33 43 35 24 16 43 29 43 41 
40 41 30 21 4 20 19 33 26 36 6 18 31 36 41 46 34 43 33 25 36 37 28 32 47 40 48 0 27 36 38 39 21 7 4 12 35 10 34 47 39 12 17 37 18 15 27 23 14 24 34 12 37 4 23 
13 22 33 23 31 10 20 26 18 27 33 9 14 27 23 19 29 16 27 5 34 13 24 26 21 12 20 27 0 25 15 34 13 28 23 17 12 17 12 19 25 35 11 34 10 33 21 29 15 5 10 25 24 23 24 
31 11 15 15 40 20 41 51 10 52 42 25 40 2 9 30 6 27 52 21 11 19 8 5 28 29 32 36 25 0 16 10 17 31 33 24 37 32 15 32 5 34 23 11 21 29 9 17 33 29 18 24 3 33 46 
16 7 29 23 42 17 35 41 16 41 44 21 29 18 9 14 22 11 42 14 27 3 20 20 12 13 16 38 15 16 0 26 17 36 34 25 24 30 3 16 13 41 21 27 19 38 18 28 29 20 5 30 13 34 39 
41 21 10 18 42 27 48 59 16 60 44 33 49 8 19 40 5 37 60 30 3 29 11 8 38 39 42 39 34 10 26 0 24 33 37 29 47 37 25 42 14 34 30 2 29 29 14 16 40 37 28 26 13 37 53 
24 20 20 10 25 3 24 35 7 37 27 9 25 17 20 28 18 24 36 8 22 17 12 15 28 23 30 21 13 17 17 24 0 19 17 8 25 15 14 29 19 24 6 23 5 21 9 16 16 14 14 13 17 17 29 
41 38 24 16 9 19 24 39 22 41 11 19 35 31 38 46 29 43 39 25 30 36 23 27 47 41 48 7 28 31 36 33 19 0 8 11 38 14 33 47 35 7 17 31 18 8 22 17 19 26 33 7 33 8 29 
36 38 29 18 8 16 16 30 23 33 10 14 27 33 37 42 32 39 31 20 34 33 25 29 43 36 43 4 23 33 34 37 17 8 0 9 31 6 30 43 36 15 13 35 14 16 24 22 11 20 30 11 34 0 21 
30 29 22 11 17 8 19 33 14 35 19 9 26 24 28 35 23 31 33 13 26 25 17 21 36 29 37 12 17 24 25 29 8 11 9 0 28 8 22 36 27 17 6 27 7 16 15 16 12 16 22 8 25 9 25 
11 32 45 35 38 22 20 19 31 18 40 19 7 39 33 20 41 18 20 17 46 20 37 38 23 13 20 35 12 37 24 47 25 38 31 28 0 25 22 19 36 45 22 46 22 44 34 41 20 12 19 36 35 31 21 
30 35 31 20 14 13 11 25 21 28 16 8 21 32 35 37 32 33 26 16 35 29 25 29 38 30 38 10 17 32 30 37 15 14 6 8 25 0 26 37 34 21 9 36 11 21 23 24 5 14 25 14 32 6 17 
15 9 28 21 39 14 32 38 13 39 41 18 26 17 10 15 21 12 39 11 26 4 19 19 14 13 17 34 12 15 3 25 14 33 30 22 22 26 0 17 13 38 18 26 16 35 16 26 26 17 2 27 13 30 36 
8 21 45 38 51 28 37 38 31 37 53 29 26 34 23 2 38 5 39 22 43 13 36 36 5 7 1 47 19 32 16 42 29 47 43 36 19 37 17 0 28 54 30 43 29 51 33 43 34 23 15 43 29 43 40 
29 7 20 19 43 21 42 51 13 52 45 27 39 6 5 26 11 23 52 21 15 16 13 10 24 26 28 39 25 5 13 14 19 35 36 27 36 34 13 28 0 38 25 15 23 34 13 22 35 29 16 28 2 36 47 
48 43 24 19 12 26 31 45 26 48 13 26 42 33 42 53 30 49 45 31 31 42 25 29 53 47 54 12 35 34 41 34 24 7 15 17 45 21 38 54 38 0 24 32 25 5 25 18 26 33 39 11 36 15 36 
24 26 26 14 21 4 17 29 13 31 23 3 20 24 26 29 25 26 29 7 29 20 19 22 30 23 31 17 11 23 21 30 6 17 13 6 22 9 18 30 25 24 0 29 2 22 16 20 9 10 17 14 23 13 23 
42 22 8 16 40 26 47 58 16 60 42 32 48 9 20 41 5 38 59 29 1 30 10 8 39 39 43 37 34 11 27 2 23 31 35 27 46 36 26 43 15 32 29 0 28 27 13 14 39 37 28 24 14 35 52 
23 24 25 13 23 2 19 30 12 32 25 4 21 22 24 28 23 24 31 6 27 18 17 20 29 22 29 18 10 21 19 29 5 18 14 7 22 11 16 29 23 25 2 28 0 23 14 19 11 10 15 14 21 14 24 
46 39 19 15 16 23 32 46 22 49 17 25 42 29 38 50 25 46 47 29 26 39 21 24 50 45 51 15 33 29 38 29 21 8 16 16 44 21 35 51 34 5 22 27 23 0 21 13 26 32 36 8 32 16 37 
31 17 12 6 31 13 33 45 3 46 33 19 35 9 16 32 8 28 45 16 12 20 3 5 31 29 33 27 21 9 18 14 9 22 24 15 34 23 16 33 13 25 16 13 14 21 0 10 26 23 18 15 10 24 39 
40 27 6 6 26 19 36 49 12 51 28 23 41 16 26 42 12 38 49 24 13 30 8 11 41 38 43 23 29 17 28 16 16 17 22 16 41 24 26 43 22 18 20 14 19 13 10 0 28 30 27 11 19 22 41 
27 35 34 23 18 13 7 21 23 23 20 8 16 34 35 34 34 31 21 15 38 27 28 31 36 27 35 14 15 33 29 40 16 19 11 12 20 5 26 34 35 26 9 39 11 26 26 28 0 10 24 19 33 11 13 
16 27 34 24 28 10 15 22 20 23 30 7 11 30 27 23 32 20 23 7 36 18 26 29 25 16 24 24 5 29 20 37 14 26 20 16 12 14 17 23 29 33 10 37 10 32 23 30 10 0 15 24 28 20 19 
13 12 30 22 38 13 30 36 15 36 40 16 24 20 13 14 23 10 37 9 28 3 21 21 14 11 16 34 10 18 5 28 14 33 30 22 19 25 2 15 16 39 17 28 15 36 18 27 24 15 0 27 16 30 34 
37 32 17 9 16 15 26 40 15 42 18 17 34 24 31 41 22 38 40 20 23 31 16 20 42 36 43 12 25 24 30 26 13 7 11 8 36 14 27 43 28 11 14 24 14 8 15 11 19 24 27 0 26 11 31 
29 8 18 17 41 19 40 50 11 51 43 25 38 5 6 27 9 24 51 20 14 16 11 8 25 26 29 37 24 3 13 13 17 33 34 25 35 32 13 29 2 36 23 14 21 32 10 19 33 28 16 26 0 34 46 
36 38 29 18 8 16 16 30 23 33 10 14 27 33 37 42 32 39 31 20 34 33 25 29 43 36 43 4 23 33 34 37 17 8 0 9 31 6 30 43 36 15 13 35 14 16 24 22 11 20 30 11 34 0 21 
32 46 48 36 25 26 5 10 36 13 26 20 14 47 46 40 48 38 10 26 51 37 42 45 43 33 41 23 24 46 39 53 29 29 21 25 21 17 36 40 47 36 23 52 24 37 39 41 13 19 34 31 46 21 0 
