Name: 9 lässt 1 zu, 8 spricht Sprache 2
Comment: 1355329865 1355329866
Type: s 
Nurses:6
Workers: 6
Clients: 30
Jobs: 30
Dkws: 0 
Related: 0 
Synchron: 0 

nurses qualification: nr, exclude, qual, language (4), usual shift length, extra 
1 6 3 0 1 1 0 480 1
2 18 3 1 0 1 0 360 1
3 18 2 0 1 0 1 480 1
4 16 2 1 1 1 1 300 1
5 26 1 0 1 1 0 420 1
6 0 1 0 1 0 1 480 1

workers: nr, anurse(7) + bnurse(7), abreak, bbreak, pause, ident, start (unbez.home/depot/bez.home (0,1,2))
1 120 600 40 520 190 670 225 705 105 585 120 600 205 685 240 360 30 1 0 -1
2 30 390 275 635 335 695 30 390 100 460 195 555 90 450 240 360 30 2 2 -1
3 80 560 55 535 90 570 135 615 185 665 140 620 125 605 240 360 30 3 1 -1
4 230 530 175 475 225 525 330 630 135 435 355 655 135 435 240 360 30 4 2 -1
5 180 600 5 425 30 450 205 625 195 615 125 545 290 710 240 360 30 5 1 -1
6 180 660 70 550 115 595 195 675 205 685 190 670 145 625 240 360 30 6 0 -1

jobs: nr, include, exclude, qual, language(4), pref,  duration, a, b, asoft, bsoft, ident, freq, Mo, Di, Mi, Do, Fr, Sa, So, ltl, utl
1 0 2 2 1 0 0 1 0 63 360 480 385 445 1 2 1 0 0 1 0 0 0 2 5
2 0 3 1 0 1 1 0 4 28 240 360 245 305 2 7 1 1 1 1 1 1 1 1 1
3 0 1 2 1 0 1 0 2 54 0 120 50 110 3 4 1 0 1 0 1 1 0 1 3
4 0 2 2 0 1 1 0 1 42 0 120 50 110 4 4 0 1 1 0 1 1 0 1 3
5 0 0 3 0 1 1 0 0 29 360 480 370 430 5 2 1 0 0 0 0 0 1 2 5
6 0 2 1 1 1 1 1 3 86 0 120 15 75 6 1 1 0 0 0 0 0 0 6 6
7 0 0 2 0 1 1 0 3 19 240 360 260 320 7 1 0 0 0 0 0 1 0 6 6
8 0 0 3 1 1 0 0 0 31 600 720 645 705 8 6 0 1 1 1 1 1 1 1 2
9 0 0 3 1 0 1 0 2 26 360 480 415 475 9 6 1 1 1 1 1 1 0 1 2
10 0 0 3 1 1 1 0 1 12 240 360 265 325 10 3 0 0 1 1 0 1 0 1 4
11 0 3 1 1 1 0 1 0 40 600 720 625 685 11 1 1 0 0 0 0 0 0 6 6
12 0 0 3 1 1 0 0 1 16 600 720 630 690 12 4 0 1 1 1 0 0 1 1 3
13 0 0 3 0 0 1 0 0 35 360 480 390 450 13 1 0 0 1 0 0 0 0 6 6
14 0 3 1 1 0 0 1 0 46 0 120 30 90 14 3 0 0 1 1 0 1 0 1 4
15 0 4 1 0 1 1 0 3 57 480 600 515 575 15 6 0 1 1 1 1 1 1 1 2
16 0 5 1 1 1 1 0 0 64 240 360 260 320 16 2 0 0 0 0 0 1 1 2 5
17 0 1 3 1 1 0 0 2 34 480 600 535 595 17 5 1 1 1 1 0 0 1 1 2
18 0 2 2 0 1 0 0 0 38 360 480 375 435 18 2 0 0 1 0 1 0 0 2 5
19 0 3 2 1 0 1 1 1 59 0 120 50 110 19 3 1 0 0 0 1 1 0 1 4
20 0 2 2 1 1 1 1 0 16 120 240 135 195 20 1 0 0 0 0 1 0 0 6 6
21 0 2 2 0 1 0 0 0 31 240 360 255 315 21 3 1 0 0 1 0 0 1 1 4
22 0 1 3 0 1 1 1 2 44 360 480 385 445 22 2 0 1 0 1 0 0 0 2 5
23 0 5 1 0 1 0 0 6 59 360 480 410 470 23 5 0 1 0 1 1 1 1 1 2
24 0 2 2 1 1 0 1 1 46 120 240 155 215 24 5 0 1 1 0 1 1 1 1 2
25 0 0 2 0 1 0 0 3 34 240 360 250 310 25 2 0 1 0 0 0 1 0 2 5
26 0 3 1 1 0 0 1 4 50 120 240 170 230 26 4 0 1 0 1 0 1 1 1 3
27 0 5 1 0 1 1 0 4 42 480 600 540 600 27 5 1 1 1 0 1 0 1 1 2
28 0 0 1 1 0 0 0 4 59 480 600 505 565 28 3 0 0 1 0 0 1 1 1 4
29 0 0 3 1 0 1 0 1 26 240 360 285 345 29 4 1 1 0 0 1 1 0 1 3
30 0 0 3 1 0 0 1 2 51 0 120 10 70 30 1 0 0 0 0 1 0 0 6 6

dist
0 20 15 28 32 29 28 24 35 17 41 50 32 45 25 30 14 10 19 15 19 31 12 7 38 37 31 44 17 31 37 42 35 26 28 18 3 
20 0 8 24 21 32 17 18 21 7 28 33 18 25 5 20 20 22 12 24 2 16 9 23 19 23 13 24 8 19 17 23 23 28 24 7 23 
15 8 0 30 18 36 14 12 29 13 27 42 26 32 14 28 21 21 5 24 7 16 9 16 23 32 22 30 2 27 23 28 31 31 30 13 18 
28 24 30 0 46 11 42 42 15 17 52 30 14 39 24 9 15 20 35 16 26 40 21 35 41 17 21 40 31 12 35 41 13 8 1 17 30 
32 21 18 46 0 53 4 8 41 29 10 48 38 29 24 41 39 39 13 43 20 8 27 30 16 42 31 27 17 39 21 23 43 49 46 28 34 
29 32 36 11 53 0 49 48 26 24 60 40 25 50 33 20 15 19 41 14 33 48 26 36 50 28 31 50 37 23 45 51 24 4 12 25 30 
28 17 14 42 4 49 0 5 37 25 13 45 34 28 20 37 35 35 8 39 16 6 23 27 15 39 28 26 12 36 20 22 39 45 42 24 31 
24 18 12 42 8 48 5 0 39 24 18 48 36 33 22 38 33 32 6 36 16 11 21 22 20 41 30 31 11 37 24 27 41 44 41 24 26 
35 21 29 15 41 26 37 39 0 17 44 16 3 25 17 6 25 30 33 28 23 33 23 40 31 2 9 27 29 3 24 29 2 23 14 17 37 
17 7 13 17 29 24 25 24 17 0 36 32 14 30 10 15 13 16 18 17 9 24 5 23 26 20 13 30 13 14 23 29 18 20 17 1 20 
41 28 27 52 10 60 13 18 44 36 0 48 42 27 28 46 47 48 22 51 27 12 35 40 14 45 34 24 25 43 21 20 46 56 51 35 44 
50 33 42 30 48 40 45 48 16 32 48 0 18 22 27 21 41 46 44 44 34 40 38 55 34 13 19 25 41 19 27 28 17 38 29 31 53 
32 18 26 14 38 25 34 36 3 14 42 18 0 25 14 5 22 27 30 26 20 31 20 37 29 5 7 26 26 2 22 27 5 22 13 14 34 
45 25 32 39 29 50 28 33 25 30 27 22 25 0 20 30 43 46 31 47 26 22 33 48 13 25 18 3 30 27 9 7 28 46 38 29 48 
25 5 14 24 24 33 20 22 17 10 28 27 14 20 0 17 23 26 16 27 7 17 13 29 17 19 8 20 13 15 13 19 19 29 23 9 28 
30 20 28 9 41 20 37 38 6 15 46 21 5 30 17 0 19 24 32 22 22 34 20 37 33 8 12 31 28 3 27 33 5 17 8 15 33 
14 20 21 15 39 15 35 33 25 13 47 41 22 43 23 19 0 5 26 4 21 35 12 21 39 28 25 43 22 21 36 42 24 12 15 14 15 
10 22 21 20 39 19 35 32 30 16 48 46 27 46 26 24 5 0 26 5 22 36 13 17 41 32 29 46 22 26 39 45 29 16 20 17 11 
19 12 5 35 13 41 8 6 33 18 22 44 30 31 16 32 26 26 0 30 10 12 15 19 20 35 24 29 4 31 22 26 35 37 35 17 22 
15 24 24 16 43 14 39 36 28 17 51 44 26 47 27 22 4 5 30 0 25 39 16 22 43 30 29 47 26 24 40 46 27 11 17 18 16 
19 2 7 26 20 33 16 16 23 9 27 34 20 26 7 22 21 22 10 25 0 15 9 22 19 25 15 25 6 21 17 23 25 29 25 8 22 
31 16 16 40 8 48 6 11 33 24 12 40 31 22 17 34 35 36 12 39 15 0 23 31 9 34 23 20 14 32 13 16 36 44 40 23 34 
12 9 9 21 27 26 23 21 23 5 35 38 20 33 13 20 12 13 15 16 9 23 0 17 28 26 19 33 10 20 26 32 24 22 21 6 15 
7 23 16 35 30 36 27 22 40 23 40 55 37 48 29 37 21 17 19 22 22 31 17 0 39 43 36 47 18 37 39 44 41 33 35 23 6 
38 19 23 41 16 50 15 20 31 26 14 34 29 13 17 33 39 41 20 43 19 9 28 39 0 31 21 11 21 31 7 7 33 46 40 26 41 
37 23 32 17 42 28 39 41 2 20 45 13 5 25 19 8 28 32 35 30 25 34 26 43 31 0 11 26 31 6 24 29 4 25 16 20 40 
31 13 22 21 31 31 28 30 9 13 34 19 7 18 8 12 25 29 24 29 15 23 19 36 21 11 0 19 21 9 14 20 12 27 20 13 34 
44 24 30 40 27 50 26 31 27 30 24 25 26 3 20 31 43 46 29 47 25 20 33 47 11 26 19 0 29 28 7 4 30 47 39 29 47 
17 8 2 31 17 37 12 11 29 13 25 41 26 30 13 28 22 22 4 26 6 14 10 18 21 31 21 29 0 27 21 26 31 33 30 13 20 
31 19 27 12 39 23 36 37 3 14 43 19 2 27 15 3 21 26 31 24 21 32 20 37 31 6 9 28 27 0 24 30 4 20 11 14 34 
37 17 23 35 21 45 20 24 24 23 21 27 22 9 13 27 36 39 22 40 17 13 26 39 7 24 14 7 21 24 0 6 27 41 34 22 40 
42 23 28 41 23 51 22 27 29 29 20 28 27 7 19 33 42 45 26 46 23 16 32 44 7 29 20 4 26 30 6 0 31 47 40 28 45 
35 23 31 13 43 24 39 41 2 18 46 17 5 28 19 5 24 29 35 27 25 36 24 41 33 4 12 30 31 4 27 31 0 21 12 18 38 
26 28 31 8 49 4 45 44 23 20 56 38 22 46 29 17 12 16 37 11 29 44 22 33 46 25 27 47 33 20 41 47 21 0 9 21 27 
28 24 30 1 46 12 42 41 14 17 51 29 13 38 23 8 15 20 35 17 25 40 21 35 40 16 20 39 30 11 34 40 12 9 0 17 30 
18 7 13 17 28 25 24 24 17 1 35 31 14 29 9 15 14 17 17 18 8 23 6 23 26 20 13 29 13 14 22 28 18 21 17 0 21 
3 23 18 30 34 30 31 26 37 20 44 53 34 48 28 33 15 11 22 16 22 34 15 6 41 40 34 47 20 34 40 45 38 27 30 21 0 
