Name: Pf. 1 darf 21 besuchen, Job 43 kann Sprache 3, Job 27 lässt 8 zu, 4 lässt 7 zu und kann Sprache 4,22 lässt 7 zu
Comment: 1354093958 1354093958
Type: s 
Nurses:9
Workers: 9
Clients: 45
Jobs: 45
Dkws: 0 
Related: 0 
Synchron: 0 

nurses qualification: nr, exclude, qual, language (4), usual shift length, extra 
1 0 3 1 1 1 1 420 1
2 5 3 1 1 1 0 360 1
3 37 3 1 0 0 0 360 1
4 23 2 0 1 1 0 360 1
5 12 2 1 0 0 0 300 1
6 4 2 0 0 1 1 180 1
7 42 1 0 0 0 1 240 1
8 12 1 0 1 1 1 240 1
9 39 1 1 1 1 0 240 1

workers: nr, anurse(7) + bnurse(7), abreak, bbreak, pause, ident, start (unbez.home/depot/bez.home (0,1,2))
1 10 430 175 595 100 520 140 560 255 675 40 460 105 525 240 360 30 1 2 -1
2 195 555 20 380 185 545 140 500 295 655 255 615 45 405 240 360 30 2 0 -1
3 25 385 55 415 175 535 90 450 245 605 230 590 100 460 240 360 30 3 1 -1
4 135 495 170 530 215 575 70 430 145 505 265 625 90 450 240 360 30 4 0 -1
5 160 460 335 635 415 715 245 545 190 490 5 305 405 705 240 360 30 5 0 -1
6 385 565 250 430 85 265 220 400 295 475 120 300 110 290 240 360 30 6 2 -1
7 365 605 5 245 45 285 375 615 75 315 285 525 255 495 240 360 30 7 1 -1
8 245 485 460 700 25 265 275 515 260 500 265 505 455 695 240 360 30 8 1 -1
9 410 650 285 525 5 245 120 360 210 450 350 590 40 280 240 360 30 9 1 -1

jobs: nr, include, exclude, qual, language(4), pref,  duration, a, b, asoft, bsoft, ident, freq, Mo, Di, Mi, Do, Fr, Sa, So, ltl, utl
1 0 0 3 1 1 1 1 2 20 480 600 495 555 1 1 0 0 0 0 0 1 0 6 6
2 0 3 2 0 1 1 1 4 34 240 360 265 325 2 5 0 1 1 0 1 1 1 1 2
3 0 4 2 1 1 0 1 1 42 360 480 360 420 3 6 1 1 1 1 0 1 1 1 2
4 0 0 1 0 1 0 1 8 65 480 600 480 540 4 5 1 0 0 1 1 1 1 1 2
5 0 3 2 0 1 1 0 4 49 600 720 615 675 5 5 0 0 1 1 1 1 1 1 2
6 0 2 3 1 0 1 0 1 28 240 360 280 340 6 5 0 1 0 1 1 1 1 1 2
7 0 1 3 1 0 0 0 2 32 480 600 525 585 7 6 1 1 1 1 0 1 1 1 2
8 0 7 1 0 1 1 0 6 20 600 720 635 695 8 3 1 0 0 0 0 1 1 1 4
9 0 3 2 1 1 0 0 2 25 600 720 630 690 9 7 1 1 1 1 1 1 1 1 1
10 0 7 1 1 0 1 1 6 53 480 600 485 545 10 6 0 1 1 1 1 1 1 1 2
11 0 3 1 1 0 1 1 8 41 120 240 125 185 11 7 1 1 1 1 1 1 1 1 1
12 0 3 2 0 1 1 0 4 43 240 360 255 315 12 1 0 0 0 0 1 0 0 6 6
13 0 8 1 1 1 0 0 9 35 0 120 55 115 13 2 1 1 0 0 0 0 0 2 5
14 0 3 2 1 1 1 0 4 59 0 120 15 75 14 6 1 0 1 1 1 1 1 1 2
15 0 5 2 0 0 1 1 2 43 120 240 165 225 15 6 1 1 0 1 1 1 1 1 2
16 0 0 3 1 0 0 0 1 5 360 480 390 450 16 7 1 1 1 1 1 1 1 1 1
17 0 3 1 0 0 1 1 6 50 600 720 640 700 17 7 1 1 1 1 1 1 1 1 1
18 0 2 2 1 1 0 1 5 17 120 240 130 190 18 2 0 0 0 0 1 1 0 2 5
19 0 0 2 0 0 1 1 0 5 120 240 145 205 19 2 1 0 0 0 1 0 0 2 5
20 0 0 3 0 1 0 1 0 26 0 120 10 70 20 6 1 1 1 1 0 1 1 1 2
21 0 0 3 0 0 1 0 0 22 120 240 155 215 21 7 1 1 1 1 1 1 1 1 1
22 0 0 1 1 0 1 0 4 47 0 120 55 115 22 3 0 1 0 1 0 0 1 1 4
23 0 0 3 0 1 0 1 1 38 600 720 605 665 23 3 1 1 0 0 0 0 1 1 4
24 0 6 1 1 0 0 1 0 36 480 600 540 600 24 4 0 1 1 1 0 0 1 1 3
25 0 0 3 0 0 1 0 1 16 120 240 170 230 25 1 0 0 0 1 0 0 0 6 6
26 0 1 3 1 0 0 0 0 8 600 720 650 710 26 2 0 0 0 1 0 1 0 2 5
27 0 0 1 0 0 1 1 4 21 600 720 655 715 27 6 1 0 1 1 1 1 1 1 2
28 0 4 1 1 1 0 0 0 23 240 360 240 300 28 6 1 0 1 1 1 1 1 1 2
29 0 3 1 1 0 1 0 6 73 360 480 360 420 29 7 1 1 1 1 1 1 1 1 1
30 0 7 1 0 1 1 1 9 54 120 240 135 195 30 3 1 0 0 0 1 1 0 1 4
31 0 6 1 1 1 0 1 5 40 120 240 140 200 31 5 0 1 1 1 1 1 0 1 2
32 0 2 2 1 0 1 1 6 40 480 600 490 550 32 1 0 0 0 0 0 1 0 6 6
33 0 0 3 0 1 0 0 1 56 480 600 495 555 33 1 0 0 0 0 1 0 0 6 6
34 0 0 3 0 1 0 1 2 38 0 120 5 65 34 4 0 1 0 1 0 1 1 1 3
35 0 0 3 1 0 0 0 1 29 240 360 265 325 35 1 0 0 0 0 0 0 1 6 6
36 0 0 3 0 0 1 0 1 33 600 720 645 705 36 1 0 0 0 0 0 0 1 6 6
37 0 5 2 0 0 0 1 1 11 480 600 505 565 37 2 0 0 1 1 0 0 0 2 5
38 0 2 2 1 0 1 1 6 55 360 480 365 425 38 2 0 0 0 0 1 1 0 2 5
39 0 0 3 1 0 1 1 2 17 360 480 400 460 39 3 1 1 0 0 0 1 0 1 4
40 0 4 1 1 1 1 1 8 53 120 240 165 225 40 7 1 1 1 1 1 1 1 1 1
41 0 4 1 1 1 0 0 0 32 0 120 30 90 41 6 1 1 1 0 1 1 1 1 2
42 0 0 2 1 0 1 1 6 25 600 720 625 685 42 7 1 1 1 1 1 1 1 1 1
43 0 1 2 1 0 1 0 3 49 0 120 40 100 43 7 1 1 1 1 1 1 1 1 1
44 0 1 3 1 0 1 0 2 9 360 480 370 430 44 3 0 0 1 1 0 1 0 1 4
45 0 5 2 1 1 0 1 3 33 0 120 45 105 45 6 1 1 1 1 0 1 1 1 2

dist
0 25 19 2 43 10 37 24 28 29 21 55 50 38 16 41 50 38 37 18 28 14 16 35 47 46 25 1 31 25 40 6 17 13 34 28 26 41 16 42 14 18 29 10 18 34 59 48 27 41 34 33 18 23 16 
25 0 19 27 21 28 42 28 31 25 30 49 43 39 17 41 45 16 51 20 38 11 36 21 24 46 1 24 45 20 31 20 9 18 15 9 30 50 9 31 14 37 8 28 31 50 56 48 38 49 17 43 6 5 21 
19 19 0 20 29 14 23 9 12 10 11 37 31 21 3 24 32 24 32 1 19 11 21 16 32 30 18 18 26 6 20 20 11 6 18 15 11 31 12 22 21 22 17 14 14 31 41 31 19 30 17 24 15 14 4 
2 27 20 0 45 9 36 24 28 30 21 55 50 38 17 40 50 40 35 19 27 16 14 36 48 46 27 2 30 26 40 8 18 14 35 30 26 40 18 42 17 16 31 9 17 32 58 47 26 40 35 32 20 25 16 
43 21 29 45 0 43 44 34 35 26 39 41 35 38 30 40 38 5 59 30 45 29 50 16 3 43 20 43 53 25 26 40 26 33 10 15 35 53 27 23 35 51 14 43 43 58 49 45 47 51 12 48 26 20 33 
10 28 14 9 43 0 27 15 19 23 12 47 42 29 12 31 42 38 27 13 18 16 8 30 46 37 27 9 21 20 33 15 18 10 32 28 17 31 18 36 22 9 29 0 8 25 49 38 17 31 31 23 21 24 10 
37 42 23 36 44 27 0 14 11 18 15 23 20 6 26 7 19 41 17 23 10 34 26 27 46 11 41 36 14 22 19 41 35 27 35 35 12 8 36 24 44 26 38 27 19 18 23 11 12 7 32 8 39 37 23 
24 28 9 24 34 15 14 0 4 8 5 31 26 14 11 16 26 31 24 8 11 19 19 19 37 22 27 23 18 9 18 26 20 13 24 22 2 22 21 21 29 19 25 15 10 23 34 24 12 21 22 15 24 23 8 
28 31 12 28 35 19 11 4 0 8 8 27 22 9 15 12 22 32 23 12 10 23 22 19 38 18 30 27 17 11 15 31 24 17 25 24 2 19 25 19 34 22 27 19 13 23 30 19 12 18 22 13 27 26 12 
29 25 10 30 26 23 18 8 8 0 14 26 20 14 13 16 21 23 32 10 19 20 27 10 29 21 23 28 26 5 10 30 20 16 17 17 9 26 21 13 31 28 20 23 18 31 32 23 20 25 14 21 23 19 13 
21 30 11 21 39 12 15 5 8 14 0 35 30 17 13 19 30 35 20 10 8 21 14 24 42 25 29 21 14 14 23 25 22 13 29 26 6 20 23 26 30 14 29 12 5 19 37 26 8 20 26 13 26 25 9 
55 49 37 55 41 47 23 31 27 26 35 0 6 18 40 16 5 41 39 37 33 47 48 29 42 12 48 54 37 31 18 57 46 43 36 40 29 28 48 19 57 48 42 47 39 41 8 12 35 25 34 31 49 45 39 
50 43 31 50 35 42 20 26 22 20 30 6 0 15 34 13 3 34 38 31 30 41 44 22 36 12 41 49 34 25 11 51 40 37 30 33 24 27 41 12 51 44 36 42 35 39 14 13 32 25 27 28 43 38 33 
38 39 21 38 38 29 6 14 9 14 17 18 15 0 25 2 14 36 24 21 15 33 30 22 40 8 37 37 19 18 13 41 33 27 30 31 12 15 34 17 43 29 34 29 21 25 20 10 17 13 27 13 36 33 22 
16 17 3 17 30 12 26 11 15 13 13 40 34 25 0 28 35 25 33 3 21 8 19 19 33 33 17 15 27 9 24 16 9 3 20 15 13 33 10 25 18 21 17 12 14 32 45 35 21 32 18 26 13 13 4 
41 41 24 40 40 31 7 16 12 16 19 16 13 2 28 0 12 38 25 24 17 35 32 24 42 5 40 40 21 21 14 43 35 29 32 33 14 14 37 18 46 32 36 31 24 26 18 7 19 12 29 15 39 36 25 
50 45 32 50 38 42 19 26 22 21 30 5 3 14 35 12 0 37 36 32 29 42 43 24 39 9 43 49 33 26 13 52 41 38 32 35 24 25 43 15 53 43 38 42 35 38 11 10 31 23 29 27 44 40 34 
38 16 24 40 5 38 41 31 32 23 35 41 34 36 25 38 37 0 55 26 42 24 45 14 8 42 15 37 49 21 25 35 21 28 6 10 32 50 22 22 30 46 9 38 38 54 49 44 43 49 9 45 21 15 29 
37 51 32 35 59 27 17 24 23 32 20 39 38 24 33 25 36 55 0 31 13 41 21 42 61 27 50 36 6 34 37 42 42 33 48 47 23 12 43 41 49 19 49 27 20 2 38 27 12 14 46 10 46 46 29 
18 20 1 19 30 13 23 8 12 10 10 37 31 21 3 24 32 26 31 0 18 11 19 17 33 30 19 18 25 7 21 20 12 5 20 16 10 30 13 23 21 20 18 13 12 30 41 31 18 29 18 23 16 15 3 
28 38 19 27 45 18 10 11 10 19 8 33 30 15 21 17 29 42 13 18 0 29 16 29 48 21 37 27 7 20 25 32 30 21 35 33 10 13 31 29 37 15 36 18 9 12 34 22 2 13 33 5 34 33 17 
14 11 11 16 29 16 34 19 23 20 21 47 41 33 8 35 42 24 41 11 29 0 24 22 32 41 11 13 35 15 30 12 2 8 20 14 22 41 2 30 10 26 14 16 21 39 52 43 29 41 20 34 5 8 12 
16 36 21 14 50 8 26 19 22 27 14 48 44 30 19 32 43 45 21 19 16 24 0 36 53 37 35 16 17 26 37 22 26 17 39 35 20 28 26 40 29 2 37 8 9 18 50 38 14 29 38 20 30 32 16 
35 21 16 36 16 30 27 19 19 10 24 29 22 22 19 24 24 14 42 17 29 22 36 0 18 28 19 34 36 10 11 33 20 22 8 11 19 36 21 10 31 37 13 30 28 42 36 30 31 35 5 32 22 17 20 
47 24 32 48 3 46 46 37 38 29 42 42 36 40 33 42 39 8 61 33 48 32 53 18 0 44 23 46 55 28 27 43 30 36 13 18 38 55 30 24 38 54 17 46 46 61 50 46 49 53 15 51 29 23 36 
46 46 30 46 43 37 11 22 18 21 25 12 12 8 33 5 9 42 27 30 21 41 37 28 44 0 45 46 25 26 17 49 41 35 36 37 20 16 42 20 51 37 40 37 29 29 12 2 23 13 33 19 44 41 31 
25 1 18 27 20 27 41 27 30 23 29 48 41 37 17 40 43 15 50 19 37 11 35 19 23 45 0 24 44 19 30 21 9 18 13 8 29 49 9 29 15 37 6 27 31 49 55 47 38 48 15 42 6 4 21 
1 24 18 2 43 9 36 23 27 28 21 54 49 37 15 40 49 37 36 18 27 13 16 34 46 46 24 0 31 24 39 6 16 12 33 27 25 41 15 41 14 18 28 9 18 34 58 47 26 41 33 33 18 22 15 
31 45 26 30 53 21 14 18 17 26 14 37 34 19 27 21 33 49 6 25 7 35 17 36 55 25 44 31 0 27 31 37 36 27 42 40 17 11 37 36 43 15 43 21 14 5 36 25 6 13 40 6 40 40 23 
25 20 6 26 25 20 22 9 11 5 14 31 25 18 9 21 26 21 34 7 20 15 26 10 28 26 19 24 27 0 14 25 15 12 15 13 10 30 16 16 26 26 16 20 18 33 37 28 21 29 12 24 18 15 10 
40 31 20 40 26 33 19 18 15 10 23 18 11 13 24 14 13 25 37 21 25 30 37 11 27 17 30 39 31 14 0 40 29 26 19 22 17 28 30 4 40 37 25 33 28 37 24 19 27 26 16 26 31 27 23 
6 20 20 8 40 15 41 26 31 30 25 57 51 41 16 43 52 35 42 20 32 12 22 33 43 49 21 6 37 25 40 0 14 14 32 26 29 46 13 42 8 24 26 15 23 40 61 50 31 46 32 38 14 20 18 
17 9 11 18 26 18 35 20 24 20 22 46 40 33 9 35 41 21 42 12 30 2 26 20 30 41 9 16 36 15 29 14 0 9 18 12 22 42 1 29 11 28 12 18 22 41 52 42 30 41 18 35 4 6 13 
13 18 6 14 33 10 27 13 17 16 13 43 37 27 3 29 38 28 33 5 21 8 17 22 36 35 18 12 27 12 26 14 9 0 22 18 15 33 10 28 17 19 19 10 13 31 47 37 21 33 21 26 13 15 4 
34 15 18 35 10 32 35 24 25 17 29 36 30 30 20 32 32 6 48 20 35 20 39 8 13 36 13 33 42 15 19 32 18 22 0 6 25 43 19 17 27 40 7 32 32 48 43 38 36 42 3 38 18 12 23 
28 9 15 30 15 28 35 22 24 17 26 40 33 31 15 33 35 10 47 16 33 14 35 11 18 37 8 27 40 13 22 26 12 18 6 0 24 43 13 21 21 36 3 28 29 46 47 39 34 42 7 37 12 6 19 
26 30 11 26 35 17 12 2 2 9 6 29 24 12 13 14 24 32 23 10 10 22 20 19 38 20 29 25 17 10 17 29 22 15 25 24 0 20 23 20 32 20 26 17 11 22 32 21 11 19 23 13 26 25 10 
41 50 31 40 53 31 8 22 19 26 20 28 27 15 33 14 25 50 12 30 13 41 28 36 55 16 49 41 11 30 28 46 42 33 43 43 20 0 43 32 50 26 46 31 22 14 26 15 14 2 41 8 46 45 29 
16 9 12 18 27 18 36 21 25 21 23 48 41 34 10 37 43 22 43 13 31 2 26 21 30 42 9 15 37 16 30 13 1 10 19 13 23 43 0 31 10 28 13 18 23 41 53 44 31 42 19 36 3 7 14 
42 31 22 42 23 36 24 21 19 13 26 19 12 17 25 18 15 22 41 23 29 30 40 10 24 20 29 41 36 16 4 42 29 28 17 21 20 32 31 0 41 40 23 36 31 41 26 22 31 30 14 30 32 26 26 
14 14 21 17 35 22 44 29 34 31 30 57 51 43 18 46 53 30 49 21 37 10 29 31 38 51 15 14 43 26 40 8 11 17 27 21 32 50 10 41 0 31 21 22 29 47 63 53 37 50 28 43 9 15 21 
18 37 22 16 51 9 26 19 22 28 14 48 44 29 21 32 43 46 19 20 15 26 2 37 54 37 37 18 15 26 37 24 28 19 40 36 20 26 28 40 31 0 38 9 9 17 49 37 13 27 39 19 31 34 17 
29 8 17 31 14 29 38 25 27 20 29 42 36 34 17 36 38 9 49 18 36 14 37 13 17 40 6 28 43 16 25 26 12 19 7 3 26 46 13 23 21 38 0 29 31 48 49 42 37 45 9 40 12 6 21 
10 28 14 9 43 0 27 15 19 23 12 47 42 29 12 31 42 38 27 13 18 16 8 30 46 37 27 9 21 20 33 15 18 10 32 28 17 31 18 36 22 9 29 0 8 25 49 38 17 31 31 23 21 24 10 
18 31 14 17 43 8 19 10 13 18 5 39 35 21 14 24 35 38 20 12 9 21 9 28 46 29 31 18 14 18 28 23 22 13 32 29 11 22 23 31 29 9 31 8 0 18 42 30 8 23 30 14 26 27 10 
34 50 31 32 58 25 18 23 23 31 19 41 39 25 32 26 38 54 2 30 12 39 18 42 61 29 49 34 5 33 37 40 41 31 48 46 22 14 41 41 47 17 48 25 18 0 40 29 11 16 45 11 44 45 28 
59 56 41 58 49 49 23 34 30 32 37 8 14 20 45 18 11 49 38 41 34 52 50 36 50 12 55 58 36 37 24 61 52 47 43 47 32 26 53 26 63 49 49 49 42 40 0 11 36 24 41 30 55 51 43 
48 48 31 47 45 38 11 24 19 23 26 12 13 10 35 7 10 44 27 31 22 43 38 30 46 2 47 47 25 28 19 50 42 37 38 39 21 15 44 22 53 37 42 38 30 29 11 0 24 13 35 19 46 43 32 
27 38 19 26 47 17 12 12 12 20 8 35 32 17 21 19 31 43 12 18 2 29 14 31 49 23 38 26 6 21 27 31 30 21 36 34 11 14 31 31 37 13 37 17 8 11 36 24 0 14 34 6 34 34 17 
41 49 30 40 51 31 7 21 18 25 20 25 25 13 32 12 23 49 14 29 13 41 29 35 53 13 48 41 13 29 26 46 41 33 42 42 19 2 42 30 50 27 45 31 23 16 24 13 14 0 39 8 45 44 29 
34 17 17 35 12 31 32 22 22 14 26 34 27 27 18 29 29 9 46 18 33 20 38 5 15 33 15 33 40 12 16 32 18 21 3 7 23 41 19 14 28 39 9 31 30 45 41 35 34 39 0 36 19 13 21 
33 43 24 32 48 23 8 15 13 21 13 31 28 13 26 15 27 45 10 23 5 34 20 32 51 19 42 33 6 24 26 38 35 26 38 37 13 8 36 30 43 19 40 23 14 11 30 19 6 8 36 0 39 38 22 
18 6 15 20 26 21 39 24 27 23 26 49 43 36 13 39 44 21 46 16 34 5 30 22 29 44 6 18 40 18 31 14 4 13 18 12 26 46 3 32 9 31 12 21 26 44 55 46 34 45 19 39 0 6 17 
23 5 14 25 20 24 37 23 26 19 25 45 38 33 13 36 40 15 46 15 33 8 32 17 23 41 4 22 40 15 27 20 6 15 12 6 25 45 7 26 15 34 6 24 27 45 51 43 34 44 13 38 6 0 17 
16 21 4 16 33 10 23 8 12 13 9 39 33 22 4 25 34 29 29 3 17 12 16 20 36 31 21 15 23 10 23 18 13 4 23 19 10 29 14 26 21 17 21 10 10 28 43 32 17 29 21 22 17 17 0 
