Name: Pf. 7 kann Sprache 1, Job 9 kann Sprache 3, Job 21 kann Sprache 4, Job 24 kann Sprache 4, Job 28 lässt 8 zu, Pf. 5 kann Sprache 3
Comment: 1354093688 1354093688
Type: s 
Nurses:9
Workers: 9
Clients: 45
Jobs: 45
Dkws: 0 
Related: 0 
Synchron: 0 

nurses qualification: nr, exclude, qual, language (4), usual shift length, extra 
1 19 3 0 1 0 1 420 1
2 21 3 0 0 1 1 240 1
3 6 3 0 1 0 1 420 1
4 33 2 0 1 0 1 420 1
5 32 2 0 0 1 1 300 1
6 21 2 1 1 0 1 480 1
7 43 1 1 0 0 1 300 1
8 44 1 0 0 1 0 180 1
9 45 1 0 1 0 1 180 1

workers: nr, anurse(7) + bnurse(7), abreak, bbreak, pause, ident, start (unbez.home/depot/bez.home (0,1,2))
1 265 685 270 690 0 420 275 695 10 430 30 450 130 550 240 360 30 1 0 -1
2 380 620 95 335 245 485 115 355 375 615 175 415 130 370 240 360 30 2 0 -1
3 30 450 295 715 265 685 0 420 195 615 5 425 75 495 240 360 30 3 0 -1
4 20 440 10 430 155 575 295 715 115 535 190 610 120 540 240 360 30 4 1 -1
5 145 445 170 470 415 715 40 340 195 495 55 355 335 635 240 360 30 5 1 -1
6 195 675 40 520 20 500 45 525 165 645 10 490 200 680 240 360 30 6 0 -1
7 0 300 30 330 220 520 390 690 205 505 345 645 125 425 240 360 30 7 1 -1
8 30 210 290 470 150 330 495 675 360 540 140 320 0 180 240 360 30 8 1 -1
9 275 455 335 515 265 445 440 620 495 675 75 255 0 180 240 360 30 9 2 -1

jobs: nr, include, exclude, qual, language(4), pref,  duration, a, b, asoft, bsoft, ident, freq, Mo, Di, Mi, Do, Fr, Sa, So, ltl, utl
1 0 6 1 1 1 1 1 4 48 240 360 285 345 1 2 0 0 0 0 1 0 1 2 5
2 0 2 3 1 1 0 1 3 37 600 720 645 705 2 7 1 1 1 1 1 1 1 1 1
3 0 5 2 0 1 1 1 4 41 0 120 35 95 3 6 1 1 1 1 0 1 1 1 2
4 0 0 3 1 1 1 1 2 26 240 360 295 355 4 3 0 0 1 0 0 1 1 1 4
5 0 0 3 0 0 0 1 0 50 480 600 480 540 5 6 1 0 1 1 1 1 1 1 2
6 0 3 2 0 1 0 1 2 46 240 360 295 355 6 4 1 1 0 0 0 1 1 1 3
7 0 5 1 0 0 1 1 9 59 0 120 20 80 7 6 1 1 1 1 0 1 1 1 2
8 0 7 1 0 1 1 0 4 39 120 240 145 205 8 7 1 1 1 1 1 1 1 1 1
9 0 0 1 1 0 1 0 0 15 480 600 495 555 9 5 1 0 1 1 1 1 0 1 2
10 0 5 1 1 0 1 0 0 63 600 720 640 700 10 7 1 1 1 1 1 1 1 1 1
11 0 0 3 1 0 1 1 2 47 0 120 50 110 11 6 1 1 1 0 1 1 1 1 2
12 0 0 3 0 0 1 1 2 33 240 360 245 305 12 5 1 0 1 0 1 1 1 1 2
13 0 5 2 0 1 0 0 1 66 600 720 620 680 13 7 1 1 1 1 1 1 1 1 1
14 0 0 2 0 0 0 1 1 36 120 240 145 205 14 3 0 0 0 1 0 1 1 1 4
15 0 5 2 0 0 0 1 4 19 0 120 15 75 15 1 0 0 1 0 0 0 0 6 6
16 0 0 3 0 0 0 1 1 49 120 240 175 235 16 6 1 1 1 1 1 1 0 1 2
17 0 0 2 1 1 1 1 3 37 240 360 275 335 17 6 1 1 1 0 1 1 1 1 2
18 0 1 2 1 1 0 1 6 24 0 120 40 100 18 7 1 1 1 1 1 1 1 1 1
19 0 1 2 1 0 1 0 0 32 360 480 400 460 19 4 1 0 0 1 1 1 0 1 3
20 0 8 1 0 0 0 1 5 36 240 360 250 310 20 4 0 0 1 1 0 1 1 1 3
21 0 0 1 1 0 0 1 6 40 240 360 245 305 21 7 1 1 1 1 1 1 1 1 1
22 0 2 3 0 1 1 0 0 5 0 120 15 75 22 1 0 0 0 1 0 0 0 6 6
23 0 0 2 1 0 0 1 2 71 120 240 160 220 23 2 0 0 0 0 1 0 1 2 5
24 0 0 1 0 0 1 1 8 50 120 240 165 225 24 7 1 1 1 1 1 1 1 1 1
25 0 0 2 1 0 0 0 0 45 0 120 0 60 25 2 0 0 1 0 1 0 0 2 5
26 0 3 1 0 0 1 1 5 50 360 480 415 475 26 5 1 0 1 1 1 0 1 1 2
27 0 7 1 1 1 1 0 8 72 600 720 650 710 27 5 1 0 1 1 1 1 0 1 2
28 0 0 1 1 1 1 0 0 72 600 720 635 695 28 6 1 1 1 1 1 1 0 1 2
29 0 1 3 1 1 1 1 0 9 120 240 150 210 29 1 0 0 1 0 0 0 0 6 6
30 0 2 3 1 0 0 1 1 25 0 120 0 60 30 4 0 1 0 1 1 1 0 1 3
31 0 3 1 0 0 0 1 4 41 0 120 50 110 31 3 0 1 1 0 0 1 0 1 4
32 0 5 1 1 0 1 1 6 35 240 360 245 305 32 3 1 1 1 0 0 0 0 1 4
33 0 4 1 1 1 0 1 7 43 0 120 55 115 33 3 0 1 0 1 1 0 0 1 4
34 0 0 1 1 0 0 0 0 40 120 240 150 210 34 2 0 1 0 0 1 0 0 2 5
35 0 2 2 1 1 1 0 3 30 120 240 125 185 35 1 0 0 0 1 0 0 0 6 6
36 0 2 3 0 1 0 1 3 36 360 480 405 465 36 4 1 1 0 1 1 0 0 1 3
37 0 5 2 1 1 1 0 3 31 0 120 10 70 37 5 1 0 1 1 1 1 0 1 2
38 0 4 2 0 1 1 1 5 36 600 720 645 705 38 5 0 1 0 1 1 1 1 1 2
39 0 2 2 0 1 0 0 4 19 0 120 35 95 39 2 1 0 0 0 0 1 0 2 5
40 0 0 2 0 0 1 0 2 34 480 600 535 595 40 4 0 1 1 1 0 0 1 1 3
41 0 1 3 1 1 0 1 2 47 600 720 655 715 41 7 1 1 1 1 1 1 1 1 1
42 0 2 3 0 1 1 0 1 20 600 720 620 680 42 6 1 1 1 0 1 1 1 1 2
43 0 0 3 1 1 0 0 0 48 600 720 650 710 43 4 1 0 0 1 1 1 0 1 3
44 0 2 3 0 1 0 1 1 14 120 240 135 195 44 2 0 0 1 0 0 1 0 2 5
45 0 0 3 1 0 1 1 2 36 480 600 515 575 45 1 0 0 0 0 0 1 0 6 6

dist
0 7 8 37 23 5 14 16 20 15 22 15 31 12 24 16 17 15 36 12 33 26 32 17 14 20 43 29 13 25 29 23 23 8 31 15 36 13 29 16 20 22 18 7 15 21 33 23 19 34 35 34 22 32 25 
7 0 9 40 27 11 8 24 28 23 24 18 35 18 31 17 18 7 38 4 36 28 34 16 11 28 51 37 17 28 36 28 28 14 38 8 44 11 35 20 27 25 23 13 15 28 36 30 27 42 42 42 29 39 32 
8 9 0 30 32 14 9 24 25 19 15 9 40 20 27 8 9 13 29 13 27 18 25 8 6 26 46 37 21 34 31 32 32 16 34 13 38 19 38 11 28 16 15 16 6 29 26 30 27 39 36 40 29 37 32 
37 40 30 0 57 42 37 42 36 31 16 21 64 42 33 22 21 42 2 43 3 12 5 26 31 40 41 51 48 60 31 56 56 41 36 43 33 49 60 21 46 14 20 42 25 46 4 45 44 43 32 49 44 46 47 
23 27 32 57 0 17 35 16 25 26 45 38 8 15 30 39 40 34 57 29 54 48 53 41 37 21 46 19 10 3 36 2 2 17 35 34 43 19 8 37 15 43 37 16 38 15 54 18 17 33 42 27 19 27 18 
5 11 14 42 17 0 19 13 19 16 28 21 26 8 24 21 22 18 41 14 38 31 37 23 19 18 43 26 7 19 29 18 18 4 30 18 37 10 24 21 16 27 22 2 20 17 38 19 16 33 36 31 19 29 21 
14 8 9 37 35 19 0 31 33 28 21 16 44 26 36 15 16 5 35 8 34 25 32 11 6 34 55 44 25 36 40 36 36 22 43 6 47 18 43 19 34 23 24 21 12 35 33 37 34 48 46 48 36 46 39 
16 24 24 42 16 13 31 0 9 10 32 26 22 5 14 27 28 31 42 27 38 34 38 32 30 5 31 13 13 19 20 15 15 9 19 32 27 22 17 24 4 30 22 11 28 5 39 6 3 20 26 18 5 16 8 
20 28 25 36 25 19 33 9 0 6 29 24 30 13 5 26 26 35 36 32 32 30 32 31 31 5 23 15 21 28 11 24 24 15 11 36 18 29 25 21 11 25 17 17 27 11 34 9 8 14 17 16 8 13 11 
15 23 19 31 26 16 28 10 6 0 23 18 32 12 8 20 20 30 32 27 28 24 28 25 25 9 27 20 20 29 13 25 25 13 15 31 21 26 28 15 14 20 12 15 21 15 29 14 12 20 19 22 13 19 16 
22 24 15 16 45 28 21 32 29 23 0 7 53 31 29 6 5 26 14 27 13 4 11 10 15 32 43 44 35 47 29 45 45 28 34 27 34 34 49 8 36 4 12 29 9 37 12 37 35 41 33 45 36 42 39 
15 18 9 21 38 21 16 26 24 18 7 0 46 24 24 2 2 21 20 22 18 10 16 8 11 27 41 38 28 40 26 38 38 21 31 22 33 28 42 3 30 7 8 21 5 31 18 31 28 37 31 40 30 37 33 
31 35 40 64 8 26 44 22 30 32 53 46 0 22 34 47 47 42 64 37 60 55 60 49 45 25 48 20 18 8 40 8 8 24 38 42 46 27 6 44 19 51 43 24 46 18 61 21 21 35 45 28 22 29 20 
12 18 20 42 15 8 26 5 13 12 31 24 22 0 18 25 25 26 42 22 39 33 38 28 26 10 36 18 8 17 24 14 14 4 24 26 31 17 18 22 8 29 22 5 25 9 39 11 8 25 30 23 11 21 13 
24 31 27 33 30 24 36 14 5 8 29 24 34 18 0 26 26 38 34 36 30 29 30 32 33 9 19 18 26 33 6 28 28 20 7 39 13 34 29 21 15 25 17 22 28 16 31 13 13 12 12 16 12 13 15 
16 17 8 22 39 21 15 27 26 20 6 2 47 25 26 0 1 20 20 21 19 10 17 6 9 29 43 40 29 41 29 39 39 22 33 21 35 28 44 5 32 8 10 22 3 32 18 33 30 39 33 42 32 39 35 
17 18 9 21 40 22 16 28 26 20 5 2 47 25 26 1 0 21 19 22 18 9 16 7 10 29 43 40 29 41 28 39 39 23 32 22 34 29 44 5 32 7 10 23 4 33 17 33 30 39 33 42 32 39 35 
15 7 13 42 34 18 5 31 35 30 26 21 42 26 38 20 21 0 40 5 39 30 37 16 11 35 58 44 24 34 43 35 35 22 45 1 50 15 42 24 35 28 28 20 17 36 38 38 34 50 49 49 37 47 39 
36 38 29 2 57 41 35 42 36 32 14 20 64 42 34 20 19 40 0 41 4 10 4 24 29 41 43 52 48 59 32 56 56 40 37 41 35 48 60 20 46 13 20 41 23 47 2 46 44 45 34 50 44 47 48 
12 4 13 43 29 14 8 27 32 27 27 22 37 22 36 21 22 5 41 0 40 31 38 18 13 32 55 40 19 29 41 30 30 18 43 5 48 10 37 24 30 29 27 16 18 31 39 34 30 46 47 45 33 43 35 
33 36 27 3 54 38 34 38 32 28 13 18 60 39 30 19 18 39 4 40 0 9 2 23 28 37 39 48 44 56 28 53 53 37 33 40 31 46 56 17 42 11 17 38 22 43 2 42 40 41 30 46 41 43 44 
26 28 18 12 48 31 25 34 30 24 4 10 55 33 29 10 9 30 10 31 9 0 7 14 19 34 42 45 38 50 29 47 47 31 34 31 33 38 51 10 38 4 12 31 13 39 8 39 36 41 32 45 37 42 40 
32 34 25 5 53 37 32 38 32 28 11 16 60 38 30 17 16 37 4 38 2 7 0 21 26 37 40 48 43 55 29 52 52 36 34 38 32 44 56 16 42 9 16 37 20 43 1 42 40 41 31 47 40 43 43 
17 16 8 26 41 23 11 32 31 25 10 8 49 28 32 6 7 16 24 18 23 14 21 0 5 34 49 45 30 43 35 41 41 25 39 17 41 27 47 12 36 13 17 25 4 37 22 38 35 45 40 47 37 44 40 
14 11 6 31 37 19 6 30 31 25 15 11 45 26 33 9 10 11 29 13 28 19 26 5 0 32 51 43 26 38 36 37 37 22 39 12 43 22 44 14 34 17 19 21 6 35 27 36 33 45 41 46 35 43 38 
20 28 26 40 21 18 34 5 5 9 32 27 25 10 9 29 29 35 41 32 37 34 37 34 32 0 26 11 18 24 15 19 19 14 14 36 22 28 20 24 6 29 21 16 30 6 38 5 4 15 21 13 3 11 6 
43 51 46 41 46 43 55 31 23 27 43 41 48 36 19 43 43 58 43 55 39 42 40 49 51 26 0 28 44 49 14 44 44 39 12 58 8 53 42 37 31 39 32 41 46 31 41 28 29 13 9 20 27 19 28 
29 37 37 51 19 26 44 13 15 20 44 38 20 18 18 40 40 44 52 40 48 45 48 45 43 11 28 0 22 22 22 17 17 22 19 44 27 33 14 35 9 41 32 23 41 8 49 7 10 15 26 8 8 9 5 
13 17 21 48 10 7 25 13 21 20 35 28 18 8 26 29 29 24 48 19 44 38 43 30 26 18 44 22 0 12 32 11 11 7 32 24 39 10 18 27 14 34 28 6 28 14 45 17 15 33 38 29 18 28 19 
25 28 34 60 3 19 36 19 28 29 47 40 8 17 33 41 41 34 59 29 56 50 55 43 38 24 49 22 12 0 39 5 5 19 38 34 46 19 10 39 18 46 39 18 40 18 56 21 20 36 45 30 22 30 21 
29 36 31 31 36 29 40 20 11 13 29 26 40 24 6 29 28 43 32 41 28 29 29 35 36 15 14 22 32 39 0 34 34 25 5 44 7 40 34 23 21 25 18 28 31 21 30 19 19 12 6 18 18 15 20 
23 28 32 56 2 18 36 15 24 25 45 38 8 14 28 39 39 35 56 30 53 47 52 41 37 19 44 17 11 5 34 0 0 16 33 35 41 20 7 36 13 43 36 16 38 13 53 16 15 31 40 25 17 25 16 
23 28 32 56 2 18 36 15 24 25 45 38 8 14 28 39 39 35 56 30 53 47 52 41 37 19 44 17 11 5 34 0 0 16 33 35 41 20 7 36 13 43 36 16 38 13 53 16 15 31 40 25 17 25 16 
8 14 16 41 17 4 22 9 15 13 28 21 24 4 20 22 23 22 40 18 37 31 36 25 22 14 39 22 7 19 25 16 16 0 26 22 33 14 22 20 12 26 20 2 21 13 37 15 12 29 32 27 15 25 17 
31 38 34 36 35 30 43 19 11 15 34 31 38 24 7 33 32 45 37 43 33 34 34 39 39 14 12 19 32 38 5 33 33 26 0 46 8 41 32 27 20 30 22 29 35 20 35 17 18 7 7 14 16 11 17 
15 8 13 43 34 18 6 32 36 31 27 22 42 26 39 21 22 1 41 5 40 31 38 17 12 36 58 44 24 34 44 35 35 22 46 0 51 15 42 25 35 29 29 21 18 36 39 38 35 50 50 50 38 48 40 
36 44 38 33 43 37 47 27 18 21 34 33 46 31 13 35 34 50 35 48 31 33 32 41 43 22 8 27 39 46 7 41 41 33 8 51 0 47 40 29 28 30 24 35 37 28 33 25 26 13 1 21 24 18 25 
13 11 19 49 19 10 18 22 29 26 34 28 27 17 34 28 29 15 48 10 46 38 44 27 22 28 53 33 10 19 40 20 20 14 41 15 47 0 27 29 24 35 31 12 26 25 46 28 25 43 46 40 28 38 29 
29 35 38 60 8 24 43 17 25 28 49 42 6 18 29 44 44 42 60 37 56 51 56 47 44 20 42 14 18 10 34 7 7 22 32 42 40 27 0 41 14 47 39 22 44 13 57 15 16 29 39 22 17 23 14 
16 20 11 21 37 21 19 24 21 15 8 3 44 22 21 5 5 24 20 24 17 10 16 12 14 24 37 35 27 39 23 36 36 20 27 25 29 29 41 0 28 6 5 21 8 29 17 29 26 33 28 37 27 34 31 
20 27 28 46 15 16 34 4 11 14 36 30 19 8 15 32 32 35 46 30 42 38 42 36 34 6 31 9 14 18 21 13 13 12 20 35 28 24 14 28 0 34 26 14 32 1 43 3 2 19 27 15 4 14 5 
22 25 16 14 43 27 23 30 25 20 4 7 51 29 25 8 7 28 13 29 11 4 9 13 17 29 39 41 34 46 25 43 43 26 30 29 30 35 47 6 34 0 8 27 11 34 11 34 32 37 29 41 33 38 36 
18 23 15 20 37 22 24 22 17 12 12 8 43 22 17 10 10 28 20 27 17 12 16 17 19 21 32 32 28 39 18 36 36 20 22 29 24 31 39 5 26 8 0 21 13 26 17 26 24 29 23 33 25 30 28 
7 13 16 42 16 2 21 11 17 15 29 21 24 5 22 22 23 20 41 16 38 31 37 25 21 16 41 23 6 18 28 16 16 2 29 21 35 12 22 21 14 27 21 0 21 15 38 17 14 31 34 29 17 27 19 
15 15 6 25 38 20 12 28 27 21 9 5 46 25 28 3 4 17 23 18 22 13 20 4 6 30 46 41 28 40 31 38 38 21 35 18 37 26 44 8 32 11 13 21 0 33 21 34 31 41 36 43 33 40 36 
21 28 29 46 15 17 35 5 11 15 37 31 18 9 16 32 33 36 47 31 43 39 43 37 35 6 31 8 14 18 21 13 13 13 20 36 28 25 13 29 1 34 26 15 33 0 44 3 2 18 27 14 4 13 4 
33 36 26 4 54 38 33 39 34 29 12 18 61 39 31 18 17 38 2 39 2 8 1 22 27 38 41 49 45 56 30 53 53 37 35 39 33 46 57 17 43 11 17 38 21 44 0 43 41 42 32 48 42 45 45 
23 30 30 45 18 19 37 6 9 14 37 31 21 11 13 33 33 38 46 34 42 39 42 38 36 5 28 7 17 21 19 16 16 15 17 38 25 28 15 29 3 34 26 17 34 3 43 0 3 15 24 12 1 10 2 
19 27 27 44 17 16 34 3 8 12 35 28 21 8 13 30 30 34 44 30 40 36 40 35 33 4 29 10 15 20 19 15 15 12 18 35 26 25 16 26 2 32 24 14 31 2 41 3 0 17 25 15 2 13 5 
34 42 39 43 33 33 48 20 14 20 41 37 35 25 12 39 39 50 45 46 41 41 41 45 45 15 13 15 33 36 12 31 31 29 7 50 13 43 29 33 19 37 29 31 41 18 42 15 17 0 13 8 15 6 15 
35 42 36 32 42 36 46 26 17 19 33 31 45 30 12 33 33 49 34 47 30 32 31 40 41 21 9 26 38 45 6 40 40 32 7 50 1 46 39 28 27 29 23 34 36 27 32 24 25 13 0 21 23 18 25 
34 42 40 49 27 31 48 18 16 22 45 40 28 23 16 42 42 49 50 45 46 45 47 47 46 13 20 8 29 30 18 25 25 27 14 50 21 40 22 37 15 41 33 29 43 14 48 12 15 8 21 0 12 3 10 
22 29 29 44 19 19 36 5 8 13 36 30 22 11 12 32 32 37 44 33 41 37 40 37 35 3 27 8 18 22 18 17 17 15 16 38 24 28 17 27 4 33 25 17 33 4 42 1 2 15 23 12 0 10 3 
32 39 37 46 27 29 46 16 13 19 42 37 29 21 13 39 39 47 47 43 43 42 43 44 43 11 19 9 28 30 15 25 25 25 11 48 18 38 23 34 14 38 30 27 40 13 45 10 13 6 18 3 10 0 9 
25 32 32 47 18 21 39 8 11 16 39 33 20 13 15 35 35 39 48 35 44 40 43 40 38 6 28 5 19 21 20 16 16 17 17 40 25 29 14 31 5 36 28 19 36 4 45 2 5 15 25 10 3 9 0 
