Name: Job 6 schließt 1 nicht aus, Job 19 kann Sprache 1
Comment: 1323247523 1323247523
Type: s 
Nurses:6
Workers: 6
Clients: 30
Jobs: 30
Dkws: 0
Related: 0
Synchron: 0

nurses qualification: nr, exclude, qual, language (4), usual shift length, extra 
1 28 3 0 1 1 0 360 1
2 1 3 1 0 0 1 180 1
3 23 2 0 1 1 1 240 1
4 18 2 1 1 0 0 360 1
5 19 1 0 0 0 1 420 1
6 5 1 1 0 0 0 420 1

workers: nr, anurse(7) + bnurse(7), abreak, bbreak, pause, ident, start (unbez.home/depot/bez.home (0,1,2))
1 270 630 340 700 95 455 10 370 330 690 65 425 190 550 240 360 30 1 2 -1
2 485 665 225 405 120 300 90 270 115 295 520 700 25 205 240 360 30 2 1 -1 
3 80 320 420 660 280 520 50 290 355 595 135 375 405 645 240 360 30 3 1 -1
4 275 635 310 670 180 540 345 705 125 485 345 705 100 460 240 360 30 4 1 -1
5 160 580 150 570 180 600 30 450 60 480 155 575 255 675 240 360 30 5 0 -1
6 130 550 65 485 185 605 45 465 5 425 140 560 20 440 240 360 30 6 1 -1

jobs: nr, include, exclude, qual, language(4), pref,  duration, a, b, asoft, bsoft, ident, freq, Mo, Di, Mi, Do, Fr, Sa, So, ltl, utl
1 0 2 2 1 1 0 1 1 40 480 600 530 590 1 5 1 1 0 0 1 1 1 1 2
2 0 2 2 1 1 1 0 3 52 360 480 360 420 2 1 0 0 0 1 0 0 0 6 6
3 0 2 2 1 1 1 1 0 56 360 480 395 455 3 4 1 0 1 1 0 1 0 1 3
4 0 1 3 1 1 1 1 0 43 240 360 290 350 4 2 0 0 0 0 1 0 1 2 5
5 0 2 1 0 0 0 1 3 16 600 720 610 670 5 1 0 0 0 0 0 0 1 6 6
6 0 0 3 0 1 1 1 0 21 360 480 365 425 6 7 1 1 1 1 1 1 1 1 1
7 0 3 2 0 1 0 0 1 37 120 240 140 200 7 7 1 1 1 1 1 1 1 1 1
8 0 2 2 0 0 1 0 3 32 120 240 130 190 8 4 1 0 1 1 1 0 0 1 3
9 0 5 1 1 0 1 0 4 46 480 600 510 570 9 1 0 0 1 0 0 0 0 6 6
10 0 2 2 0 0 0 1 3 48 240 360 265 325 10 4 1 0 1 1 0 1 0 1 3
11 0 0 3 0 0 1 1 1 17 360 480 370 430 11 6 1 0 1 1 1 1 1 1 2
12 0 1 2 1 0 0 0 2 41 600 720 625 685 12 7 1 1 1 1 1 1 1 1 1
13 0 1 2 1 0 1 1 4 62 360 480 385 445 13 6 0 1 1 1 1 1 1 1 2
14 0 3 1 1 1 1 0 6 34 480 600 500 560 14 2 0 0 0 1 1 0 0 2 5
15 0 2 1 0 1 1 0 3 49 480 600 485 545 15 7 1 1 1 1 1 1 1 1 1
16 0 2 2 1 1 0 0 1 58 600 720 645 705 16 3 1 0 0 1 0 1 0 1 4
17 0 5 1 1 0 0 0 6 53 600 720 600 660 17 4 1 1 0 1 1 0 0 1 3
18 0 3 2 1 1 1 1 1 43 600 720 615 675 18 4 0 1 0 1 1 1 0 1 3
19 0 2 1 1 0 1 1 0 39 0 120 25 85 19 7 1 1 1 1 1 1 1 1 1
20 0 1 3 0 1 0 1 0 19 240 360 280 340 20 5 1 1 1 0 1 1 0 1 2
21 0 2 1 0 0 0 1 0 35 120 240 155 215 21 6 1 0 1 1 1 1 1 1 2
22 0 0 1 0 0 1 0 0 39 600 720 600 660 22 4 1 0 0 1 0 1 1 1 3
23 0 0 3 0 1 1 1 1 18 360 480 405 465 23 2 0 0 1 0 0 0 1 2 5
24 0 2 1 1 1 1 0 3 61 600 720 630 690 24 2 1 0 1 0 0 0 0 2 5
25 0 0 3 0 1 0 0 1 19 240 360 260 320 25 3 0 1 1 0 1 0 0 1 4
26 0 2 1 1 1 1 0 0 31 600 720 640 700 26 1 1 0 0 0 0 0 0 6 6
27 0 0 3 0 0 1 1 1 36 480 600 500 560 27 4 1 0 0 1 1 0 1 1 3
28 0 0 3 0 1 1 1 0 23 240 360 265 325 28 4 1 0 1 0 0 1 1 1 3
29 0 1 3 0 0 1 1 2 17 600 720 600 660 29 3 0 0 1 0 1 1 0 1 4
30 0 0 3 0 1 1 0 1 11 120 240 155 215 30 5 1 1 0 1 1 1 0 1 2

dist
0 26 17 17 33 21 30 18 21 14 7 17 23 17 8 22 15 21 20 15 7 28 21 19 15 38 13 34 13 14 18 33 23 4 13 22 27 
26 0 40 42 13 37 5 25 21 24 28 25 7 43 27 5 26 23 43 12 32 38 35 22 12 26 19 48 14 13 12 8 17 24 39 5 6 
17 40 0 4 42 9 44 36 39 17 23 18 38 17 13 35 32 38 27 28 18 18 12 36 28 40 31 20 26 27 35 48 41 17 16 35 39 
17 42 4 0 45 13 46 34 38 20 22 21 39 13 15 37 31 38 23 30 16 23 17 36 30 44 31 24 28 29 35 49 41 18 12 37 41 
33 13 42 45 0 37 16 38 33 25 37 25 20 50 31 12 37 36 53 19 40 35 34 34 18 14 30 45 20 19 25 18 30 30 46 13 7 
21 37 9 13 37 0 42 39 41 13 27 12 37 25 13 31 36 41 35 26 24 9 3 39 25 32 33 13 24 25 35 45 42 18 24 32 34 
30 5 44 46 16 42 0 26 20 29 30 30 8 46 31 10 27 23 46 16 35 43 40 22 16 30 20 53 18 17 13 3 16 28 42 9 10 
18 25 36 34 38 39 26 0 6 30 12 32 18 28 25 26 3 4 23 21 18 46 39 3 22 48 8 53 21 22 13 27 10 21 25 24 30 
21 21 39 38 33 41 20 6 0 30 17 33 13 33 27 22 9 2 29 19 23 47 41 3 20 45 7 55 19 20 9 21 4 22 30 20 26 
14 24 17 20 25 13 29 30 30 0 21 3 25 27 7 18 27 31 33 13 20 16 11 29 13 25 22 25 12 12 23 32 30 10 24 19 22 
7 28 23 22 37 27 30 12 17 21 0 24 22 17 15 25 9 16 15 18 6 35 28 14 19 43 11 41 17 18 17 32 20 11 13 24 30 
17 25 18 21 25 12 30 32 33 3 24 0 26 29 9 19 30 34 36 15 23 14 9 31 14 23 25 23 14 14 25 34 33 13 26 20 22 
23 7 38 39 20 37 8 18 13 25 22 26 0 39 25 10 19 16 38 11 28 41 36 15 12 33 12 50 13 12 5 10 10 21 35 8 13 
17 43 17 13 50 25 46 28 33 27 17 29 39 0 20 39 25 32 10 32 11 35 28 30 32 53 28 37 30 31 34 49 37 20 4 39 44 
8 27 13 15 31 13 31 25 27 7 15 9 25 20 0 22 22 28 26 15 13 20 13 25 15 32 19 27 13 14 22 34 29 5 17 22 26 
22 5 35 37 12 31 10 26 22 18 25 19 10 39 22 0 25 24 41 7 29 33 29 23 7 23 18 43 9 8 13 14 20 19 35 2 5 
15 26 32 31 37 36 27 3 9 27 9 30 19 25 22 25 0 7 20 19 15 43 36 6 20 46 7 50 19 20 13 28 13 18 21 23 30 
21 23 38 38 36 41 23 4 2 31 16 34 16 32 28 24 7 0 27 21 22 47 41 2 22 47 8 55 21 22 11 24 7 23 28 22 28 
20 43 27 23 53 35 46 23 29 33 15 36 38 10 26 41 20 27 0 34 13 44 37 26 34 58 25 47 32 33 32 48 33 24 11 40 46 
15 12 28 30 19 26 16 21 19 13 18 15 11 32 15 7 19 21 34 0 21 29 25 19 1 26 13 39 2 1 10 19 18 12 28 7 12 
7 32 18 16 40 24 35 18 23 20 6 23 28 11 13 29 15 22 13 21 0 33 26 20 22 45 17 37 20 21 23 38 26 11 7 28 34 
28 38 18 23 35 9 43 46 47 16 35 14 41 35 20 33 43 47 44 29 33 0 7 45 29 27 39 10 28 28 40 47 47 25 33 34 34 
21 35 12 17 34 3 40 39 41 11 28 9 36 28 13 29 36 41 37 25 26 7 0 39 24 29 33 14 23 23 34 43 41 18 26 30 32 
19 22 36 36 34 39 22 3 3 29 14 31 15 30 25 23 6 2 26 19 20 45 39 0 20 45 6 53 19 20 9 23 7 20 27 21 27 
15 12 28 30 18 25 16 22 20 13 19 14 12 32 15 7 20 22 34 1 22 29 24 20 0 25 14 38 2 1 11 19 19 12 28 7 12 
38 26 40 44 14 32 30 48 45 25 43 23 33 53 32 23 46 47 58 26 45 27 29 45 25 0 40 37 27 26 36 33 43 33 49 25 20 
13 19 31 31 30 33 20 8 7 22 11 25 12 28 19 18 7 8 25 13 17 39 33 6 14 40 0 47 13 14 6 22 9 14 24 16 23 
34 48 20 24 45 13 53 53 55 25 41 23 50 37 27 43 50 55 47 39 37 10 14 53 38 37 47 0 37 37 48 57 55 32 36 44 45 
13 14 26 28 20 24 18 21 19 12 17 14 13 30 13 9 19 21 32 2 20 28 23 19 2 27 13 37 0 1 11 21 19 10 26 9 14 
14 13 27 29 19 25 17 22 20 12 18 14 12 31 14 8 20 22 33 1 21 28 23 20 1 26 14 37 1 0 12 20 19 11 27 8 13 
18 12 35 35 25 35 13 13 9 23 17 25 5 34 22 13 13 11 32 10 23 40 34 9 11 36 6 48 11 12 0 15 7 17 30 11 17 
33 8 48 49 18 45 3 27 21 32 32 34 10 49 34 14 28 24 48 19 38 47 43 23 19 33 22 57 21 20 15 0 16 31 45 13 13 
23 17 41 41 30 42 16 10 4 30 20 33 10 37 29 20 13 7 33 18 26 47 41 7 19 43 9 55 19 19 7 16 0 24 33 18 23 
4 24 17 18 30 18 28 21 22 10 11 13 21 20 5 19 18 23 24 12 11 25 18 20 12 33 14 32 10 11 17 31 24 0 16 19 24 
13 39 16 12 46 24 42 25 30 24 13 26 35 4 17 35 21 28 11 28 7 33 26 27 28 49 24 36 26 27 30 45 33 16 0 35 40 
22 5 35 37 13 32 9 24 20 19 24 20 8 39 22 2 23 22 40 7 28 34 30 21 7 25 16 44 9 8 11 13 18 19 35 0 6 
27 6 39 41 7 34 10 30 26 22 30 22 13 44 26 5 30 28 46 12 34 34 32 27 12 20 23 45 14 13 17 13 23 24 40 6 0 
